Datetime,Close,High,Low,Open,Volume
2026-06-01 09:45:00,557.0,557.0,557.0,557.0,0
2026-06-01 10:00:00,561.5,565.5,557.0,557.0,110684
2026-06-01 10:15:00,562.5,565.5,561.0,561.5,105867
2026-06-01 10:30:00,558.0,563.0,555.5,562.5,54710
2026-06-01 10:45:00,559.0,559.5,556.0,558.0,49001
2026-06-01 11:00:00,556.0,559.0,555.5,559.0,53269
2026-06-01 11:15:00,555.5,557.0,553.0,556.0,46282
2026-06-01 11:30:00,559.5,559.5,555.5,555.5,41625
2026-06-01 11:45:00,557.5,559.5,557.0,559.5,14727
2026-06-01 12:00:00,559.5,561.0,558.0,558.0,46192
2026-06-01 12:15:00,558.0,560.0,557.0,560.0,15514
2026-06-01 12:30:00,558.0,558.5,557.5,557.5,5138
2026-06-01 12:45:00,557.5,558.5,557.5,558.0,17630
2026-06-01 13:00:00,558.0,558.0,557.0,557.5,21028
2026-06-01 13:15:00,557.5,558.5,557.0,558.0,18788
2026-06-01 13:30:00,556.5,559.5,556.0,557.5,32500
2026-06-01 13:45:00,554.0,556.5,553.5,556.0,46425
2026-06-01 14:00:00,554.0,555.0,553.0,553.5,24792
2026-06-01 14:15:00,552.5,557.5,551.5,554.0,66759
2026-06-01 14:30:00,553.0,553.5,551.5,552.5,28919
2026-06-01 14:45:00,552.5,554.0,551.5,553.0,32578
2026-06-01 15:00:00,551.5,553.0,551.0,552.5,31412
2026-06-01 15:15:00,550.5,552.0,547.0,552.0,42536
2026-06-01 15:30:00,553.5,553.5,549.5,550.5,54061
2026-06-01 15:45:00,552.0,554.0,551.0,553.5,25416
2026-06-01 16:00:00,548.5,553.5,547.5,551.5,70769
2026-06-01 16:15:00,541.0,550.0,540.0,549.0,99374
2026-06-01 16:30:00,540.5,541.5,537.0,540.0,71252
2026-06-01 16:45:00,536.5,541.5,536.0,540.5,38108
2026-06-01 17:00:00,541.5,545.5,535.0,536.0,84792
2026-06-01 17:15:00,541.0,544.0,540.0,542.0,58928
2026-06-01 17:30:00,540.5,542.0,540.0,541.0,39328
2026-06-01 17:45:00,540.0,543.5,539.0,540.5,123268
2026-06-02 09:45:00,542.5,542.5,542.5,542.5,0
2026-06-02 10:00:00,548.5,549.0,541.0,542.5,108075
2026-06-02 10:15:00,550.5,553.0,548.0,548.0,113101
2026-06-02 10:30:00,550.0,551.5,548.5,551.0,27119
2026-06-02 10:45:00,553.0,553.5,549.0,550.0,70137
2026-06-02 11:00:00,553.5,554.5,552.0,553.5,67443
2026-06-02 11:15:00,554.0,555.5,552.5,553.5,64840
2026-06-02 11:30:00,554.0,556.0,554.0,554.5,65084
2026-06-02 11:45:00,552.0,555.0,551.0,553.5,48390
2026-06-02 12:00:00,552.5,554.5,551.5,552.0,34286
2026-06-02 12:15:00,546.5,553.0,545.5,553.0,170660
2026-06-02 12:30:00,544.5,546.5,543.0,546.0,63466
2026-06-02 12:45:00,538.0,544.5,537.5,544.5,201104
2026-06-02 13:00:00,536.5,538.0,533.5,538.0,157719
2026-06-02 13:15:00,539.5,539.5,536.0,536.5,48005
2026-06-02 13:30:00,539.5,541.0,539.0,539.5,55950
2026-06-02 13:45:00,539.5,540.0,539.0,539.0,22123
2026-06-02 14:00:00,541.0,541.0,539.0,539.5,49861
2026-06-02 14:15:00,543.0,543.0,540.5,541.0,78877
2026-06-02 14:30:00,543.5,544.5,542.5,543.0,57062
2026-06-02 14:45:00,545.0,546.0,543.5,543.5,45151
2026-06-02 15:00:00,547.5,548.0,544.0,545.0,58835
2026-06-02 15:15:00,549.5,550.5,547.5,547.5,94134
2026-06-02 15:30:00,549.0,551.5,548.0,550.0,46918
2026-06-02 15:45:00,549.0,549.0,547.5,549.0,25554
2026-06-02 16:00:00,548.0,549.5,547.5,549.0,55198
2026-06-02 16:15:00,548.5,550.0,547.5,548.0,47919
2026-06-02 16:30:00,549.5,550.0,548.0,548.5,23359
2026-06-02 16:45:00,548.5,549.0,547.5,549.0,22175
2026-06-02 17:00:00,548.5,551.5,548.0,548.5,52360
2026-06-02 17:15:00,548.5,549.5,548.0,548.5,13538
2026-06-02 17:30:00,550.5,551.5,548.5,548.5,51557
2026-06-02 17:45:00,550.5,552.5,549.5,550.5,133561
2026-06-03 09:45:00,548.5,548.5,548.5,548.5,0
2026-06-03 10:00:00,545.5,548.5,540.0,548.5,193762
2026-06-03 10:15:00,548.0,549.0,545.0,546.0,89081
2026-06-03 10:30:00,542.0,547.5,541.0,547.5,119322
2026-06-03 10:45:00,540.5,542.5,540.0,541.5,98544
2026-06-03 11:00:00,540.5,541.5,538.5,540.0,81124
2026-06-03 11:15:00,541.5,542.0,539.5,540.5,28308
2026-06-03 11:30:00,539.0,543.0,536.0,541.5,72069
2026-06-03 11:45:00,538.5,539.0,537.0,539.0,36830
2026-06-03 12:00:00,538.0,538.5,537.0,538.0,30407
2026-06-03 12:15:00,537.5,538.5,536.5,537.5,12967
2026-06-03 12:30:00,538.5,539.5,536.5,538.0,22095
2026-06-03 12:45:00,536.5,539.0,536.5,538.5,23856
2026-06-03 13:00:00,539.5,541.5,536.0,537.0,76365
2026-06-03 13:15:00,539.0,540.0,538.0,540.0,9295
2026-06-03 13:30:00,541.5,542.0,538.5,538.5,37659
2026-06-03 13:45:00,543.5,544.0,541.0,542.0,45884
2026-06-03 14:00:00,545.5,546.0,543.0,543.0,61675
2026-06-03 14:15:00,546.0,548.0,545.5,545.5,56584
2026-06-03 14:30:00,548.0,548.5,546.0,546.0,32934
2026-06-03 14:45:00,551.5,554.0,548.0,548.0,177995
2026-06-03 15:00:00,553.5,554.5,550.5,552.0,115823
2026-06-03 15:15:00,552.0,556.5,552.0,553.5,95081
2026-06-03 15:30:00,552.5,554.0,549.5,551.5,84496
2026-06-03 15:45:00,550.5,553.5,549.5,552.0,50492
2026-06-03 16:00:00,552.5,553.0,549.5,550.0,52261
2026-06-03 16:15:00,557.5,558.5,548.5,552.0,137430
2026-06-03 16:30:00,549.0,557.0,549.0,557.0,105970
2026-06-03 16:45:00,550.0,551.5,547.0,549.5,95068
2026-06-03 17:00:00,551.5,552.5,549.5,549.5,34546
2026-06-03 17:15:00,547.0,552.0,545.0,551.5,89066
2026-06-03 17:30:00,544.0,548.5,544.0,547.5,110568
2026-06-03 17:45:00,541.0,544.5,539.5,544.5,205244
2026-06-04 09:45:00,541.5,541.5,541.5,541.5,0
2026-06-04 10:00:00,547.5,548.0,542.0,542.0,97794
2026-06-04 10:15:00,544.0,548.0,543.0,548.0,106124
2026-06-04 10:30:00,539.0,544.5,538.5,544.0,78878
2026-06-04 10:45:00,532.5,539.0,532.0,539.0,160597
2026-06-04 11:00:00,528.0,533.0,523.5,532.5,170158
2026-06-04 11:15:00,525.0,529.0,523.5,528.5,50803
2026-06-04 11:30:00,527.5,527.5,524.5,524.5,55689
2026-06-04 11:45:00,526.0,528.0,526.0,527.5,38698
2026-06-04 12:00:00,525.5,527.0,524.5,526.5,51740
2026-06-04 12:15:00,524.5,525.5,523.5,525.5,50002
2026-06-04 12:30:00,522.5,524.0,521.0,524.0,107632
2026-06-04 12:45:00,523.5,525.0,522.0,522.5,45844
2026-06-04 13:00:00,522.5,524.0,521.0,523.5,59775
2026-06-04 13:15:00,521.0,522.5,520.0,522.0,30764
2026-06-04 13:30:00,519.0,521.5,519.0,520.5,22429
2026-06-04 13:45:00,519.5,521.0,518.5,519.5,15021
2026-06-04 14:00:00,519.5,520.0,518.0,519.5,18047
2026-06-04 14:15:00,522.5,523.0,519.0,519.5,31172
2026-06-04 14:30:00,522.0,524.5,519.0,522.5,39861
2026-06-04 14:45:00,525.0,525.5,521.0,521.5,75318
2026-06-04 15:00:00,524.0,526.0,524.0,525.5,55348
2026-06-04 15:15:00,524.0,526.0,522.5,524.5,43917
2026-06-04 15:30:00,526.5,526.5,522.0,523.5,76764
2026-06-04 15:45:00,525.0,527.0,524.5,526.5,26518
2026-06-04 16:00:00,525.0,526.0,524.5,524.5,12545
2026-06-04 16:15:00,524.0,525.5,523.5,525.5,16571
2026-06-04 16:30:00,521.0,524.0,520.0,523.5,48753
2026-06-04 16:45:00,521.5,524.0,520.5,520.5,51903
2026-06-04 17:00:00,518.5,522.0,518.5,521.5,63593
2026-06-04 17:15:00,521.0,521.5,518.0,518.5,41672
2026-06-04 17:30:00,520.5,522.5,518.5,520.5,90100
2026-06-04 17:45:00,521.5,522.0,519.5,520.5,74754
2026-06-05 09:45:00,525.5,525.5,525.5,525.5,0
2026-06-05 10:00:00,523.5,525.5,520.0,525.5,102064
2026-06-05 10:15:00,520.5,524.0,519.5,523.5,52944
2026-06-05 10:30:00,521.5,525.5,520.0,520.5,68865
2026-06-05 10:45:00,521.0,524.0,520.5,522.0,26398
2026-06-05 11:00:00,515.5,521.5,514.0,521.0,117009
2026-06-05 11:15:00,509.0,516.0,507.0,515.5,113386
2026-06-05 11:30:00,508.5,510.5,507.5,508.5,68492
2026-06-05 11:45:00,507.0,509.0,505.5,508.5,118295
2026-06-05 12:00:00,507.5,508.0,502.0,506.5,182474
2026-06-05 12:15:00,509.0,510.5,506.0,508.0,75644
2026-06-05 12:30:00,509.0,510.5,508.5,509.0,39776
2026-06-05 12:45:00,508.5,510.0,508.0,509.5,9559
2026-06-05 13:00:00,505.0,508.5,505.0,508.5,25744
2026-06-05 13:15:00,506.0,507.5,505.0,505.0,24750
2026-06-05 13:30:00,507.0,507.5,505.5,506.5,14037
2026-06-05 13:45:00,509.5,510.0,507.0,507.5,27338
2026-06-05 14:00:00,509.5,510.0,508.5,510.0,24879
2026-06-05 14:15:00,508.5,510.0,507.5,510.0,19482
2026-06-05 14:30:00,510.0,510.5,508.0,509.5,30985
2026-06-05 14:45:00,508.5,510.0,507.5,510.0,18623
2026-06-05 15:00:00,505.0,509.0,504.5,508.5,31467
2026-06-05 15:15:00,504.0,505.5,503.0,505.0,30400
2026-06-05 15:30:00,503.5,504.5,502.5,504.0,30404
2026-06-05 15:45:00,499.25,504.0,499.25,503.5,65724
2026-06-05 16:00:00,501.5,503.0,499.0,499.25,24679
2026-06-05 16:15:00,499.75,501.5,499.25,501.5,46086
2026-06-05 16:30:00,500.5,503.0,498.75,499.75,60782
2026-06-05 16:45:00,498.5,501.5,498.5,501.0,27622
2026-06-05 17:00:00,496.75,499.25,496.0,498.5,69994
2026-06-05 17:15:00,495.25,498.25,495.25,496.5,48395
2026-06-05 17:30:00,496.25,498.5,493.0,495.0,87435
2026-06-05 17:45:00,494.25,498.0,494.25,496.25,116179
2026-06-08 09:45:00,484.25,484.25,484.25,484.25,0
2026-06-08 10:00:00,489.0,489.25,481.0,484.0,104612
2026-06-08 10:15:00,494.5,495.0,488.0,489.25,100456
2026-06-08 10:30:00,495.5,497.25,494.0,494.75,59629
2026-06-08 10:45:00,491.5,495.5,491.0,495.5,63649
2026-06-08 11:00:00,491.0,493.0,490.25,491.25,31117
2026-06-08 11:15:00,491.0,492.75,490.5,491.0,44081
2026-06-08 11:30:00,492.75,492.75,489.5,490.75,30125
2026-06-08 11:45:00,490.75,493.0,489.75,492.5,58493
2026-06-08 12:00:00,488.5,491.0,488.0,490.75,25783
2026-06-08 12:15:00,489.75,490.5,488.5,488.5,28822
2026-06-08 12:30:00,490.75,492.75,489.5,490.0,39445
2026-06-08 12:45:00,488.0,490.5,487.25,490.5,47744
2026-06-08 13:00:00,486.25,488.5,485.25,488.25,59346
2026-06-08 13:15:00,487.5,488.0,485.0,486.25,34871
2026-06-08 13:30:00,488.25,489.25,487.25,487.75,34757
2026-06-08 13:45:00,488.5,489.0,487.75,488.5,25153
2026-06-08 14:00:00,489.0,489.75,486.75,488.5,53739
2026-06-08 14:15:00,494.5,494.75,488.75,489.0,228400
2026-06-08 14:30:00,496.75,501.5,494.5,494.5,195328
2026-06-08 14:45:00,495.25,497.25,495.25,496.75,34757
2026-06-08 15:00:00,498.5,499.5,495.5,495.5,75817
2026-06-08 15:15:00,497.25,498.5,497.0,498.5,21378
2026-06-08 15:30:00,498.0,498.0,496.0,497.25,29482
2026-06-08 15:45:00,499.25,500.0,497.25,498.0,50640
2026-06-08 16:00:00,499.75,501.5,498.75,499.25,60880
2026-06-08 16:15:00,494.5,500.0,494.0,499.75,130401
2026-06-08 16:30:00,497.0,497.75,494.5,494.5,49056
2026-06-08 16:45:00,502.0,502.5,495.5,496.75,97553
2026-06-08 17:00:00,501.5,503.0,500.0,502.0,84887
2026-06-08 17:15:00,500.0,502.0,499.5,502.0,36189
2026-06-08 17:30:00,501.0,502.5,500.0,500.5,41224
2026-06-08 17:45:00,501.5,502.0,500.0,501.0,82970
2026-06-09 09:45:00,502.5,502.5,502.5,502.5,0
2026-06-09 10:00:00,500.0,503.5,498.0,502.0,141386
2026-06-09 10:15:00,495.75,500.5,494.5,500.0,154721
2026-06-09 10:30:00,495.0,496.0,493.25,495.75,69984
2026-06-09 10:45:00,497.25,498.75,494.75,494.75,62985
2026-06-09 11:00:00,498.5,498.75,496.0,497.0,22833
2026-06-09 11:15:00,497.75,499.0,497.0,498.5,38844
2026-06-09 11:30:00,493.25,498.0,493.0,497.75,82848
2026-06-09 11:45:00,493.0,493.75,492.0,493.25,69732
2026-06-09 12:00:00,490.0,494.0,489.75,493.0,53300
2026-06-09 12:15:00,485.75,490.5,485.5,490.0,92186
2026-06-09 12:30:00,484.25,485.75,482.75,485.75,131974
2026-06-09 12:45:00,485.5,486.75,481.75,484.25,114038
2026-06-09 13:00:00,490.25,490.5,484.75,485.5,149048
2026-06-09 13:15:00,487.5,490.25,485.75,490.0,36516
2026-06-09 13:30:00,487.25,488.75,486.75,487.5,88023
2026-06-09 13:45:00,487.75,488.5,487.0,487.25,45595
2026-06-09 14:00:00,487.0,488.5,487.0,487.75,27172
2026-06-09 14:15:00,488.75,489.25,486.75,486.75,16582
2026-06-09 14:30:00,486.75,489.0,486.75,488.75,21969
2026-06-09 14:45:00,486.25,488.0,486.25,486.75,14443
2026-06-09 15:00:00,484.25,486.5,484.0,486.25,51572
2026-06-09 15:15:00,482.5,485.25,482.0,484.25,68995
2026-06-09 15:30:00,485.0,485.25,480.0,482.5,125629
2026-06-09 15:45:00,481.5,486.5,481.25,484.75,72125
2026-06-09 16:00:00,482.0,483.75,481.0,481.5,49361
2026-06-09 16:15:00,486.5,487.0,481.75,482.0,55383
2026-06-09 16:30:00,483.75,486.75,483.5,486.25,50484
2026-06-09 16:45:00,484.25,488.75,483.75,483.75,121113
2026-06-09 17:00:00,482.5,485.25,482.5,484.25,25330
2026-06-09 17:15:00,482.75,483.75,481.25,482.75,33263
2026-06-09 17:30:00,481.0,482.75,480.75,482.75,53307
2026-06-09 17:45:00,479.25,481.0,478.25,480.75,125310
2026-06-10 09:45:00,479.0,479.0,479.0,479.0,0
2026-06-10 10:00:00,473.0,478.75,472.25,478.75,156069
2026-06-10 10:15:00,475.75,478.75,471.75,473.5,133781
2026-06-10 10:30:00,474.0,476.75,473.25,476.0,54119
2026-06-10 10:45:00,477.25,477.5,473.25,474.0,63790
2026-06-10 11:00:00,470.25,478.0,469.5,477.25,127821
2026-06-10 11:15:00,471.25,474.0,469.75,470.0,81523
2026-06-10 11:30:00,469.5,472.25,469.5,471.25,20796
2026-06-10 11:45:00,466.0,470.5,466.0,469.25,75131
2026-06-10 12:00:00,469.25,469.75,464.75,466.25,76374
2026-06-10 12:15:00,472.0,472.5,468.75,469.25,56123
2026-06-10 12:30:00,472.25,474.25,471.5,472.25,69535
2026-06-10 12:45:00,472.0,472.5,471.0,472.5,28315
2026-06-10 13:00:00,473.5,474.5,472.25,472.25,47505
2026-06-10 13:15:00,472.25,473.5,471.75,473.0,20307
2026-06-10 13:30:00,473.0,474.0,471.5,472.5,25037
2026-06-10 13:45:00,471.75,473.0,471.25,473.0,45846
2026-06-10 14:00:00,471.5,473.0,470.75,471.75,83508
2026-06-10 14:15:00,472.5,474.25,471.75,471.75,35012
2026-06-10 14:30:00,469.0,473.0,467.5,472.75,55147
2026-06-10 14:45:00,469.0,469.75,468.25,468.75,41642
2026-06-10 15:00:00,469.0,469.75,468.0,468.75,23430
2026-06-10 15:15:00,468.0,469.25,467.25,469.0,31060
2026-06-10 15:30:00,469.25,471.75,467.75,468.0,51085
2026-06-10 15:45:00,469.25,470.0,468.25,469.5,26716
2026-06-10 16:00:00,468.75,469.5,468.25,469.25,25009
2026-06-10 16:15:00,472.0,473.25,468.0,468.75,82596
2026-06-10 16:30:00,475.75,476.0,471.25,472.0,80387
2026-06-10 16:45:00,473.25,476.5,472.5,476.0,62395
2026-06-10 17:00:00,470.25,474.0,470.25,473.25,25563
2026-06-10 17:15:00,469.5,471.25,469.25,470.5,20101
2026-06-10 17:30:00,472.0,472.25,469.0,469.5,32255
2026-06-10 17:45:00,471.75,473.0,470.0,471.75,46344
2026-06-11 09:45:00,471.5,471.5,471.5,471.5,0
2026-06-11 10:00:00,471.25,475.0,470.0,471.5,116868
2026-06-11 10:15:00,475.0,475.25,469.75,471.0,38518
2026-06-11 10:30:00,481.0,485.0,475.0,475.0,161675
2026-06-11 10:45:00,484.25,484.75,480.5,481.25,82432
2026-06-11 11:00:00,481.75,485.0,479.25,484.25,64189
2026-06-11 11:15:00,478.75,481.5,478.5,481.5,43684
2026-06-11 11:30:00,473.5,479.0,473.25,478.5,121406
2026-06-11 11:45:00,472.0,475.0,472.0,473.5,67997
2026-06-11 12:00:00,471.0,472.5,469.5,472.0,59121
2026-06-11 12:15:00,469.75,471.75,469.75,470.75,38006
2026-06-11 12:30:00,467.75,470.0,466.75,469.75,50102
2026-06-11 12:45:00,466.0,468.5,465.5,468.0,68764
2026-06-11 13:00:00,468.0,468.5,465.5,466.0,49225
2026-06-11 13:15:00,468.75,469.75,468.0,468.0,23793
2026-06-11 13:30:00,470.0,470.25,468.0,468.75,18811
2026-06-11 13:45:00,468.5,470.5,467.75,470.0,48580
2026-06-11 14:00:00,468.25,470.5,467.75,468.5,51608
2026-06-11 14:15:00,474.25,474.25,468.25,468.25,63835
2026-06-11 14:30:00,471.5,475.25,471.0,474.0,95654
2026-06-11 14:45:00,471.25,472.75,470.75,471.25,53784
2026-06-11 15:00:00,473.25,474.0,470.75,471.25,31419
2026-06-11 15:15:00,467.0,473.75,466.75,473.25,68618
2026-06-11 15:30:00,463.5,467.25,462.5,467.0,116121
2026-06-11 15:45:00,468.0,468.5,463.5,463.5,81328
2026-06-11 16:00:00,464.75,468.25,464.75,467.5,43091
2026-06-11 16:15:00,463.5,465.5,462.5,464.75,38728
2026-06-11 16:30:00,464.5,465.0,463.0,463.5,53128
2026-06-11 16:45:00,465.0,466.5,464.75,464.75,30173
2026-06-11 17:00:00,463.75,465.25,462.25,465.0,43366
2026-06-11 17:15:00,465.25,466.5,463.0,463.75,35527
2026-06-11 17:30:00,470.75,471.25,464.5,465.25,120417
2026-06-11 17:45:00,469.5,471.0,468.5,471.0,102566
2026-06-12 09:45:00,505.0,505.0,505.0,505.0,0
2026-06-12 10:00:00,493.0,505.0,490.25,503.5,700370
2026-06-12 10:15:00,487.0,493.75,486.75,493.0,277638
2026-06-12 10:30:00,487.5,496.5,483.25,487.0,259065
2026-06-12 10:45:00,486.0,489.75,485.25,487.5,120585
2026-06-12 11:00:00,490.5,491.0,485.75,486.0,317260
2026-06-12 11:15:00,488.5,490.75,485.0,490.75,293599
2026-06-12 11:30:00,492.25,494.75,487.5,488.5,190289
2026-06-12 11:45:00,492.75,494.0,490.0,492.25,84714
2026-06-12 12:00:00,492.0,494.5,491.25,492.75,84989
2026-06-12 12:15:00,492.0,493.25,490.5,492.0,33055
2026-06-12 12:30:00,492.0,492.75,490.75,492.0,37311
2026-06-12 12:45:00,488.0,492.5,488.0,491.75,46055
2026-06-12 13:00:00,489.75,491.25,488.25,488.25,29385
2026-06-12 13:15:00,487.0,489.75,487.0,489.75,49447
2026-06-12 13:30:00,487.5,489.5,486.75,486.75,35486
2026-06-12 13:45:00,487.25,488.75,487.0,487.5,21559
2026-06-12 14:00:00,488.75,489.75,486.0,487.25,87539
2026-06-12 14:15:00,486.75,488.5,486.5,488.25,22324
2026-06-12 14:30:00,488.0,488.75,486.0,486.75,32718
2026-06-12 14:45:00,487.25,488.5,487.0,488.0,30759
2026-06-12 15:00:00,484.75,487.25,484.75,487.25,71914
2026-06-12 15:15:00,489.25,490.0,484.75,484.75,129227
2026-06-12 15:30:00,488.75,492.75,488.5,489.0,68636
2026-06-12 15:45:00,487.0,488.75,486.0,488.75,58851
2026-06-12 16:00:00,486.25,488.5,485.5,487.0,53460
2026-06-12 16:15:00,481.75,488.5,481.75,486.25,133109
2026-06-12 16:30:00,479.75,482.75,479.75,481.75,48879
2026-06-12 16:45:00,473.25,480.0,471.0,479.75,407814
2026-06-12 17:00:00,474.0,478.5,472.75,473.5,105849
2026-06-12 17:15:00,478.0,478.5,473.0,473.75,63053
2026-06-12 17:30:00,476.0,478.5,475.0,477.5,81523
2026-06-12 17:45:00,478.0,479.5,475.75,476.0,144720
2026-06-15 09:45:00,491.25,491.25,491.25,491.25,0
2026-06-15 10:00:00,499.0,503.5,491.0,491.25,459557
2026-06-15 10:15:00,500.5,502.0,498.25,499.25,155280
2026-06-15 10:30:00,498.25,504.5,497.5,500.5,143018
2026-06-15 10:45:00,498.25,501.0,497.5,498.25,124459
2026-06-15 11:00:00,496.75,501.0,496.25,498.25,71966
2026-06-15 11:15:00,496.25,496.5,492.0,496.5,99477
2026-06-15 11:30:00,495.25,497.5,493.5,496.25,69499
2026-06-15 11:45:00,494.25,495.25,493.25,495.25,47948
2026-06-15 12:00:00,494.0,495.0,493.75,494.25,30179
2026-06-15 12:15:00,496.25,496.25,493.75,494.0,23709
2026-06-15 12:30:00,496.75,498.25,495.5,496.25,47207
2026-06-15 12:45:00,498.0,498.25,496.5,496.75,32395
2026-06-15 13:00:00,498.5,498.5,497.75,498.25,13009
2026-06-15 13:15:00,499.0,499.5,498.25,498.5,34908
2026-06-15 13:30:00,499.5,503.0,498.5,499.0,103891
2026-06-15 13:45:00,502.0,505.5,499.25,499.5,162556
2026-06-15 14:00:00,505.0,506.5,501.5,502.5,130826
2026-06-15 14:15:00,506.0,506.0,503.5,504.5,86142
2026-06-15 14:30:00,511.0,512.0,506.0,506.0,223956
2026-06-15 14:45:00,517.0,518.5,510.0,511.0,280504
2026-06-15 15:00:00,525.0,526.5,514.5,517.0,967322
2026-06-15 15:15:00,524.5,525.0,522.5,524.5,68960
2026-06-15 15:30:00,524.5,525.5,523.5,524.5,89167
2026-06-15 15:45:00,523.0,525.0,519.0,524.5,131318
2026-06-15 16:00:00,526.5,526.5,523.0,523.0,152752
2026-06-15 16:15:00,526.5,526.5,526.5,526.5,126542
2026-06-15 16:30:00,526.5,526.5,526.5,526.5,23777
2026-06-15 16:45:00,526.5,526.5,526.5,526.5,2543
2026-06-15 17:00:00,526.5,526.5,526.5,526.5,79342
2026-06-15 17:15:00,526.5,526.5,526.5,526.5,7311
2026-06-15 17:30:00,526.5,526.5,526.5,526.5,3871
2026-06-15 17:45:00,526.5,526.5,526.5,526.5,175506
2026-06-16 09:45:00,530.0,530.0,530.0,530.0,0
2026-06-16 10:00:00,529.5,532.0,520.0,530.0,542372
2026-06-16 10:15:00,531.5,533.5,526.5,529.5,237767
2026-06-16 10:30:00,526.0,532.5,525.0,532.0,135926
2026-06-16 10:45:00,524.0,526.5,523.0,526.0,82008
2026-06-16 11:00:00,524.0,528.0,523.5,524.0,106841
2026-06-16 11:15:00,519.0,525.0,518.5,524.0,217552
2026-06-16 11:30:00,521.5,522.0,517.5,519.0,53871
2026-06-16 11:45:00,523.0,523.5,520.0,521.0,56371
2026-06-16 12:00:00,522.0,523.0,520.0,522.5,56579
2026-06-16 12:15:00,523.0,524.0,521.5,521.5,38651
2026-06-16 12:30:00,523.5,523.5,522.5,523.5,17656
2026-06-16 12:45:00,523.0,523.5,522.5,523.0,9906
2026-06-16 13:00:00,524.5,525.0,522.0,523.0,31091
2026-06-16 13:15:00,525.0,526.0,524.0,524.5,48142
2026-06-16 13:30:00,525.5,526.0,524.0,525.0,24183
2026-06-16 13:45:00,525.5,526.5,524.5,525.5,37446
2026-06-16 14:00:00,524.5,527.0,523.0,525.0,41127
2026-06-16 14:15:00,523.5,524.5,522.0,524.0,26448
2026-06-16 14:30:00,523.0,529.5,522.5,523.5,125706
2026-06-16 14:45:00,525.5,527.0,522.5,523.5,55590
2026-06-16 15:00:00,526.5,528.5,524.5,525.5,61559
2026-06-16 15:15:00,529.0,529.0,525.5,526.5,43938
2026-06-16 15:30:00,527.0,529.0,526.5,529.0,55258
2026-06-16 15:45:00,527.0,529.0,526.5,527.0,90338
2026-06-16 16:00:00,527.5,529.5,525.5,527.0,79894
2026-06-16 16:15:00,529.0,529.5,526.5,527.5,40379
2026-06-16 16:30:00,528.5,530.0,528.0,529.0,66763
2026-06-16 16:45:00,528.0,529.5,528.0,529.0,48633
2026-06-16 17:00:00,527.5,529.5,527.0,528.5,44842
2026-06-16 17:15:00,529.0,530.5,526.5,528.0,137111
2026-06-16 17:30:00,529.0,531.5,526.0,529.0,275917
2026-06-16 17:45:00,525.5,531.0,525.0,528.5,181032
2026-06-17 09:45:00,529.5,529.5,529.5,529.5,0
2026-06-17 10:00:00,522.0,529.5,521.0,529.5,107808
2026-06-17 10:15:00,521.0,523.0,519.0,521.5,94320
2026-06-17 10:30:00,523.0,523.5,520.5,520.5,26072
2026-06-17 10:45:00,521.5,523.5,521.0,523.5,20611
2026-06-17 11:00:00,522.0,524.0,520.5,521.0,35015
2026-06-17 11:15:00,517.0,522.0,516.0,522.0,126523
2026-06-17 11:30:00,517.5,519.5,516.5,517.0,67089
2026-06-17 11:45:00,517.5,518.5,517.0,517.5,15720
2026-06-17 12:00:00,514.5,517.5,513.0,517.5,105496
2026-06-17 12:15:00,513.5,514.5,512.5,514.5,42185
2026-06-17 12:30:00,514.0,515.0,513.0,513.0,43407
2026-06-17 12:45:00,514.5,515.0,514.0,514.0,14859
2026-06-17 13:00:00,514.5,515.0,513.0,514.5,19748
2026-06-17 13:15:00,515.0,515.5,514.0,514.0,34968
2026-06-17 13:30:00,514.5,515.5,513.5,514.5,34071
2026-06-17 13:45:00,513.5,515.0,513.0,514.5,21437
2026-06-17 14:00:00,509.5,513.5,509.0,513.5,89643
2026-06-17 14:15:00,509.0,511.0,508.5,509.5,50101
2026-06-17 14:30:00,509.0,510.0,507.5,509.5,33989
2026-06-17 14:45:00,518.5,520.0,507.0,509.5,217484
2026-06-17 15:00:00,509.0,519.0,507.0,518.0,129165
2026-06-17 15:15:00,509.0,509.5,508.0,509.5,27769
2026-06-17 15:30:00,508.0,510.0,507.0,509.0,54923
2026-06-17 15:45:00,508.0,509.0,506.5,508.0,40372
2026-06-17 16:00:00,506.5,509.0,506.5,507.5,31589
2026-06-17 16:15:00,508.5,509.5,506.5,507.0,41438
2026-06-17 16:30:00,506.0,509.0,505.5,508.5,40736
2026-06-17 16:45:00,503.5,506.5,503.5,506.0,51932
2026-06-17 17:00:00,503.0,503.5,501.0,502.5,50170
2026-06-17 17:15:00,505.0,507.0,502.0,503.5,92344
2026-06-17 17:30:00,508.5,509.0,503.0,505.5,124410
2026-06-17 17:45:00,506.0,508.5,505.5,508.5,102899
2026-06-18 09:45:00,510.0,510.0,510.0,510.0,0
2026-06-18 10:00:00,512.0,515.0,508.5,509.5,150499
2026-06-18 10:15:00,505.5,512.5,504.0,512.0,87216
2026-06-18 10:30:00,509.5,510.0,505.5,506.0,22007
2026-06-18 10:45:00,510.5,515.5,509.0,509.5,81430
2026-06-18 11:00:00,511.0,513.5,510.0,511.0,69911
2026-06-18 11:15:00,511.5,515.5,510.0,510.5,77312
2026-06-18 11:30:00,511.0,512.0,509.0,511.5,67930
2026-06-18 11:45:00,510.0,511.5,508.5,511.0,46385
2026-06-18 12:00:00,510.5,511.5,508.0,510.0,82781
2026-06-18 12:15:00,511.5,512.0,510.0,511.0,20432
2026-06-18 12:30:00,513.5,514.0,510.5,511.0,51869
2026-06-18 12:45:00,513.0,514.0,512.5,513.5,43322
2026-06-18 13:00:00,513.5,514.0,512.5,513.0,11724
2026-06-18 13:15:00,513.0,514.5,512.0,513.0,44674
2026-06-18 13:30:00,513.5,514.0,512.0,512.5,51333
2026-06-18 13:45:00,513.5,515.0,512.5,514.0,65751
2026-06-18 14:00:00,512.5,515.0,511.0,513.5,58443
2026-06-18 14:15:00,517.5,518.0,511.5,512.5,109190
2026-06-18 14:30:00,516.0,518.0,516.0,517.5,58822
2026-06-18 14:45:00,518.5,518.5,515.5,516.0,27912
2026-06-18 15:00:00,517.5,521.0,515.5,518.0,138124
2026-06-18 15:15:00,515.5,518.0,515.0,517.5,33318
2026-06-18 15:30:00,517.5,519.5,514.5,515.0,85868
2026-06-18 15:45:00,521.0,521.5,517.5,517.5,116834
2026-06-18 16:00:00,519.0,521.5,518.0,521.0,62477
2026-06-18 16:15:00,518.5,520.0,518.5,518.5,26275
2026-06-18 16:30:00,520.0,521.5,518.5,519.0,43493
2026-06-18 16:45:00,520.0,521.5,520.0,520.0,50148
2026-06-18 17:00:00,517.0,522.0,515.0,520.5,151148
2026-06-18 17:15:00,516.0,522.0,513.5,517.0,358759
2026-06-18 17:30:00,515.0,516.5,514.0,516.0,85352
2026-06-18 17:45:00,516.5,518.5,514.5,515.0,108893
2026-06-19 09:45:00,510.0,510.0,510.0,510.0,0
2026-06-19 10:00:00,511.5,513.0,508.0,510.0,154119
2026-06-19 10:15:00,506.5,512.5,506.0,511.5,221621
2026-06-19 10:30:00,504.0,506.5,503.0,506.0,201233
2026-06-19 10:45:00,501.5,504.5,501.0,504.0,63343
2026-06-19 11:00:00,501.0,503.0,499.75,502.0,131788
2026-06-19 11:15:00,502.0,503.0,500.5,501.0,26045
2026-06-19 11:30:00,501.5,503.5,501.5,502.5,37719
2026-06-19 11:45:00,502.5,504.0,501.5,502.0,34594
2026-06-19 12:00:00,502.5,504.0,502.5,502.5,25052
2026-06-19 12:15:00,502.5,503.5,502.5,503.0,12421
2026-06-19 12:30:00,502.0,503.0,502.0,503.0,8325
2026-06-19 12:45:00,501.0,503.0,500.5,502.0,61083
2026-06-19 13:00:00,499.0,501.0,499.0,501.0,75859
2026-06-19 13:15:00,498.25,500.0,498.25,499.0,36786
2026-06-19 13:30:00,497.5,498.75,497.0,498.5,49407
2026-06-19 13:45:00,492.25,497.5,492.25,497.25,147612
2026-06-19 14:00:00,493.25,494.0,492.25,492.5,52940
2026-06-19 14:15:00,494.0,494.25,492.75,493.25,49041
2026-06-19 14:30:00,493.75,494.5,493.0,494.0,36624
2026-06-19 14:45:00,492.75,494.25,491.75,493.5,45166
2026-06-19 15:00:00,490.25,493.0,490.0,492.75,77817
2026-06-19 15:15:00,489.25,490.75,489.25,490.25,53702
2026-06-19 15:30:00,491.0,491.5,488.75,489.75,58773
2026-06-19 15:45:00,492.5,497.0,490.5,491.0,283597
2026-06-19 16:00:00,492.5,494.75,491.5,492.75,135505
2026-06-19 16:15:00,492.75,494.0,492.5,492.75,31487
2026-06-19 16:30:00,491.5,493.25,491.5,493.25,32322
2026-06-19 16:45:00,489.75,492.25,489.75,491.5,44679
2026-06-19 17:00:00,497.75,511.0,489.75,490.0,644408
2026-06-19 17:15:00,496.75,498.5,495.75,497.75,50974
2026-06-19 17:30:00,492.75,497.25,491.5,496.5,55544
2026-06-19 17:45:00,492.25,494.25,491.5,493.0,139759
2026-06-22 09:45:00,494.5,494.5,494.5,494.5,0
2026-06-22 10:00:00,495.25,497.5,493.25,494.5,155753
2026-06-22 10:15:00,491.75,495.25,491.25,495.25,72738
2026-06-22 10:30:00,490.25,492.25,489.5,491.75,99957
2026-06-22 10:45:00,492.0,492.5,489.25,490.5,52163
2026-06-22 11:00:00,493.0,493.25,491.25,492.25,38134
2026-06-22 11:15:00,494.0,495.5,492.75,493.0,89665
2026-06-22 11:30:00,496.75,496.75,493.5,493.5,39341
2026-06-22 11:45:00,499.75,500.5,496.5,496.75,173648
2026-06-22 12:00:00,508.0,510.5,499.25,499.75,389519
2026-06-22 12:15:00,509.5,511.0,508.0,508.0,147063
2026-06-22 12:30:00,510.5,514.0,509.0,509.5,213099
2026-06-22 12:45:00,509.5,512.0,508.0,510.5,94196
2026-06-22 13:00:00,509.5,512.0,509.0,509.5,124832
2026-06-22 13:15:00,509.0,510.0,508.0,509.5,44668
2026-06-22 13:30:00,509.0,510.5,508.5,509.5,51866
2026-06-22 13:45:00,510.5,511.0,509.0,509.0,29380
2026-06-22 14:00:00,510.0,511.5,509.0,510.5,43468
2026-06-22 14:15:00,510.0,510.5,509.5,510.5,40434
2026-06-22 14:30:00,506.5,511.0,505.0,509.5,137294
2026-06-22 14:45:00,506.5,507.5,505.0,506.0,26400
2026-06-22 15:00:00,509.5,510.0,506.0,506.5,40528
2026-06-22 15:15:00,510.0,510.5,508.5,509.5,36910
2026-06-22 15:30:00,512.0,514.0,509.0,509.5,105149
2026-06-22 15:45:00,508.0,512.0,507.5,512.0,93804
2026-06-22 16:00:00,510.5,511.0,508.0,508.5,60864
2026-06-22 16:15:00,510.5,511.0,509.5,510.5,21393
2026-06-22 16:30:00,509.5,511.5,508.5,510.5,42445
2026-06-22 16:45:00,509.0,511.5,509.0,509.5,34122
2026-06-22 17:00:00,509.0,510.0,508.5,509.0,42613
2026-06-22 17:15:00,508.5,510.0,508.0,509.0,42635
2026-06-22 17:30:00,508.0,510.0,507.5,509.0,98275
2026-06-22 17:45:00,510.0,511.5,508.0,508.0,121038
2026-06-23 09:45:00,502.0,502.0,502.0,502.0,0
2026-06-23 10:00:00,493.5,503.5,493.0,502.0,404347
2026-06-23 10:15:00,498.75,500.0,490.0,493.5,284107
2026-06-23 10:30:00,488.75,499.75,488.0,499.25,218593
2026-06-23 10:45:00,489.75,493.0,488.5,489.0,147847
2026-06-23 11:00:00,488.25,490.5,487.75,489.5,77764
2026-06-23 11:15:00,487.75,489.25,487.0,488.25,55478
2026-06-23 11:30:00,488.5,489.0,487.0,487.75,63942
2026-06-23 11:45:00,490.0,491.0,487.5,488.5,50625
2026-06-23 12:00:00,488.25,490.75,488.25,489.75,33115
2026-06-23 12:15:00,489.5,489.5,486.5,488.25,47922
2026-06-23 12:30:00,489.75,490.0,488.0,489.25,38792
2026-06-23 12:45:00,488.5,489.75,488.0,489.5,34050
2026-06-23 13:00:00,489.5,489.75,488.5,488.5,15905
2026-06-23 13:15:00,488.75,490.5,488.5,489.5,23829
2026-06-23 13:30:00,488.5,489.0,487.25,488.75,35428
2026-06-23 13:45:00,488.0,488.75,487.75,488.25,23800
2026-06-23 14:00:00,487.0,490.0,485.5,488.0,127119
2026-06-23 14:15:00,487.0,487.75,485.75,487.0,69289
2026-06-23 14:30:00,486.25,487.25,486.25,486.75,51142
2026-06-23 14:45:00,485.25,486.5,484.75,486.5,117608
2026-06-23 15:00:00,482.0,485.25,481.5,485.25,120543
2026-06-23 15:15:00,481.0,482.75,480.75,482.0,75901
2026-06-23 15:30:00,481.75,482.75,480.5,481.25,80736
2026-06-23 15:45:00,480.25,481.75,480.0,481.5,82431
2026-06-23 16:00:00,480.25,483.0,479.25,480.25,122467
2026-06-23 16:15:00,480.0,480.25,479.0,480.25,48386
2026-06-23 16:30:00,479.5,480.75,479.0,480.0,96038
2026-06-23 16:45:00,479.75,480.5,478.75,479.5,78085
2026-06-23 17:00:00,479.25,481.0,479.0,479.75,90265
2026-06-23 17:15:00,479.25,480.0,478.75,479.5,51929
2026-06-23 17:30:00,477.5,479.25,477.0,479.25,98697
2026-06-23 17:45:00,477.0,477.75,477.0,477.5,32932
2026-06-24 09:45:00,480.0,480.0,480.0,480.0,0
2026-06-24 10:00:00,467.75,480.25,466.25,480.0,326294
2026-06-24 10:15:00,474.75,477.25,467.5,468.0,173204
2026-06-24 10:30:00,478.75,480.0,475.0,475.0,120239
2026-06-24 10:45:00,478.25,482.0,478.25,478.75,111458
2026-06-24 11:00:00,478.5,480.25,477.75,478.25,44497
2026-06-24 11:15:00,477.5,478.5,474.5,478.25,96377
2026-06-24 11:30:00,476.5,477.75,473.0,477.5,98695
2026-06-24 11:45:00,476.0,477.5,475.5,476.25,30729
2026-06-24 12:00:00,475.5,476.75,474.25,476.0,61195
2026-06-24 12:15:00,475.25,475.75,475.0,475.75,19306
2026-06-24 12:30:00,473.25,475.5,473.25,475.5,47506
2026-06-24 12:45:00,468.5,473.75,466.5,473.25,204554
2026-06-24 13:00:00,468.25,469.25,467.0,468.5,102577
2026-06-24 13:15:00,471.5,472.75,467.0,468.0,94634
2026-06-24 13:30:00,470.75,472.75,470.0,471.75,33897
2026-06-24 13:45:00,470.75,471.5,469.5,470.75,47359
2026-06-24 14:00:00,470.75,472.75,470.25,470.25,31421
2026-06-24 14:15:00,471.5,472.0,470.5,470.5,26232
2026-06-24 14:30:00,474.0,474.75,471.25,471.75,45717
2026-06-24 14:45:00,473.0,475.5,472.75,474.0,87008
2026-06-24 15:00:00,470.75,472.75,469.75,472.75,54590
2026-06-24 15:15:00,469.75,471.0,469.0,470.5,37533
2026-06-24 15:30:00,469.0,470.0,466.5,469.75,111830
2026-06-24 15:45:00,467.25,470.0,466.5,469.25,85585
2026-06-24 16:00:00,464.75,468.25,464.5,467.25,108182
2026-06-24 16:15:00,465.25,466.0,464.0,464.75,51127
2026-06-24 16:30:00,466.75,469.75,465.0,465.0,94176
2026-06-24 16:45:00,470.5,470.75,466.75,466.75,81467
2026-06-24 17:00:00,468.25,470.5,468.0,470.5,56456
2026-06-24 17:15:00,470.25,470.5,467.75,468.0,64001
2026-06-24 17:30:00,469.75,471.0,468.0,470.5,62601
2026-06-24 17:45:00,468.75,470.0,467.75,469.75,94515
2026-06-25 09:45:00,469.25,469.25,469.25,469.25,0
2026-06-25 10:00:00,472.25,472.5,469.0,469.25,124980
2026-06-25 10:15:00,475.5,476.0,470.5,472.25,118796
2026-06-25 10:30:00,476.25,478.0,475.0,475.5,133276
2026-06-25 10:45:00,475.25,477.0,474.75,476.25,76918
2026-06-25 11:00:00,484.25,485.0,474.5,475.25,234861
2026-06-25 11:15:00,480.25,485.5,480.25,484.25,154902
2026-06-25 11:30:00,482.0,482.75,478.5,480.5,76802
2026-06-25 11:45:00,483.0,484.75,482.0,482.0,54303
2026-06-25 12:00:00,483.5,486.0,480.25,482.75,203702
2026-06-25 12:15:00,480.25,483.5,479.0,483.5,111350
2026-06-25 12:30:00,480.5,481.75,479.75,480.0,32707
2026-06-25 12:45:00,481.25,482.0,479.5,480.5,67850
2026-06-25 13:00:00,482.25,483.0,481.25,481.25,40383
2026-06-25 13:15:00,483.0,483.0,481.0,482.25,37526
2026-06-25 13:30:00,477.5,483.0,474.0,483.0,177425
2026-06-25 13:45:00,480.75,480.75,476.25,477.25,61177
2026-06-25 14:00:00,480.0,483.5,479.25,480.75,112559
2026-06-25 14:15:00,482.5,483.0,478.0,480.0,135960
2026-06-25 14:30:00,481.0,482.75,480.75,482.25,31078
2026-06-25 14:45:00,478.0,481.25,477.75,480.75,57160
2026-06-25 15:00:00,483.25,483.75,478.0,478.0,80846
2026-06-25 15:15:00,482.25,484.5,481.25,483.0,121597
2026-06-25 15:30:00,482.75,484.0,481.25,482.25,60895
2026-06-25 15:45:00,482.75,483.75,482.5,482.75,33902
2026-06-25 16:00:00,483.0,483.75,481.25,482.5,61261
2026-06-25 16:15:00,481.75,484.25,480.5,483.0,100140
2026-06-25 16:30:00,482.25,484.25,481.75,482.25,31497
2026-06-25 16:45:00,481.75,483.0,481.0,482.25,66507
2026-06-25 17:00:00,479.0,483.5,479.0,481.75,98373
2026-06-25 17:15:00,479.25,480.0,478.75,479.0,72779
2026-06-25 17:30:00,476.25,479.5,475.0,479.25,118581
2026-06-25 17:45:00,478.25,478.75,475.25,476.0,125118
2026-06-26 09:45:00,477.25,477.25,477.25,477.25,0
2026-06-26 10:00:00,481.0,483.5,477.25,477.5,152956
2026-06-26 10:15:00,474.75,481.5,474.75,481.25,114033
2026-06-26 10:30:00,476.0,477.5,474.5,474.75,80720
2026-06-26 10:45:00,476.5,476.5,475.5,476.0,26242
2026-06-26 11:00:00,476.0,479.25,475.75,476.5,33270
2026-06-26 11:15:00,477.75,477.75,475.5,476.0,25318
2026-06-26 11:30:00,482.5,484.0,476.25,477.75,153727
2026-06-26 11:45:00,482.0,482.5,481.0,482.25,74876
2026-06-26 12:00:00,484.0,484.5,482.0,482.0,59813
2026-06-26 12:15:00,483.5,484.0,483.0,483.75,19150
2026-06-26 12:30:00,482.25,484.0,482.25,483.5,29777
2026-06-26 12:45:00,482.0,482.75,481.25,482.0,20492
2026-06-26 13:00:00,481.25,482.0,480.5,481.75,37757
2026-06-26 13:15:00,480.75,482.0,479.5,481.25,48915
2026-06-26 13:30:00,482.0,482.5,480.0,480.75,40017
2026-06-26 13:45:00,481.25,483.5,481.0,482.25,49397
2026-06-26 14:00:00,481.0,482.5,480.75,481.5,31867
2026-06-26 14:15:00,481.0,482.0,480.0,481.0,64116
2026-06-26 14:30:00,481.5,482.0,481.0,481.0,31190
2026-06-26 14:45:00,479.25,481.5,478.75,481.5,48213
2026-06-26 15:00:00,479.25,480.25,477.5,479.25,47506
2026-06-26 15:15:00,478.25,479.0,478.0,479.0,19680
2026-06-26 15:30:00,480.5,482.25,478.5,478.75,50826
2026-06-26 15:45:00,482.0,482.75,479.75,480.75,86689
2026-06-26 16:00:00,480.5,482.5,480.0,482.5,44754
2026-06-26 16:15:00,479.25,480.75,479.25,480.5,39327
2026-06-26 16:30:00,475.5,480.0,475.0,479.25,80872
2026-06-26 16:45:00,478.0,478.5,471.0,475.0,166911
2026-06-26 17:00:00,478.25,478.5,477.0,478.0,52863
2026-06-26 17:15:00,477.75,479.75,477.5,478.25,72729
2026-06-26 17:30:00,479.75,480.0,478.0,478.0,45498
2026-06-26 17:45:00,480.75,481.0,479.25,479.75,60933
2026-06-29 09:45:00,486.0,486.0,486.0,486.0,0
2026-06-29 10:00:00,479.0,486.75,478.5,485.75,141870
2026-06-29 10:15:00,479.5,481.0,478.0,479.0,97490
2026-06-29 10:30:00,477.75,479.5,475.75,479.5,92211
2026-06-29 10:45:00,477.0,477.75,476.75,477.5,27296
2026-06-29 11:00:00,473.25,476.75,473.0,476.75,73241
2026-06-29 11:15:00,464.25,473.0,464.25,473.0,210915
2026-06-29 11:30:00,461.75,464.25,461.75,464.25,116897
2026-06-29 11:45:00,462.5,464.25,459.5,461.5,256895
2026-06-29 12:00:00,464.0,465.0,460.25,462.25,104738
2026-06-29 12:15:00,465.0,466.0,463.75,464.0,63041
2026-06-29 12:30:00,464.75,466.25,464.0,465.25,45368
2026-06-29 12:45:00,463.75,465.0,463.25,465.0,26233
2026-06-29 13:00:00,461.0,464.0,461.0,463.75,56169
2026-06-29 13:15:00,458.0,461.25,457.25,461.0,131917
2026-06-29 13:30:00,457.5,459.25,456.25,458.0,140952
2026-06-29 13:45:00,456.25,458.25,456.0,457.5,44321
2026-06-29 14:00:00,454.25,457.75,454.0,456.0,76218
2026-06-29 14:15:00,454.0,459.5,453.75,454.25,233760
2026-06-29 14:30:00,453.5,456.75,451.75,454.0,141892
2026-06-29 14:45:00,453.75,455.5,452.75,453.5,64699
2026-06-29 15:00:00,450.5,453.75,449.0,453.75,104914
2026-06-29 15:15:00,451.75,452.25,450.25,450.5,48359
2026-06-29 15:30:00,452.0,452.5,451.25,451.75,31303
2026-06-29 15:45:00,452.5,452.75,451.5,452.0,28781
2026-06-29 16:00:00,452.5,453.0,451.75,452.25,41398
2026-06-29 16:15:00,453.5,453.75,452.5,452.5,22511
2026-06-29 16:30:00,455.25,455.75,453.25,453.5,56858
2026-06-29 16:45:00,453.0,456.0,452.75,455.5,68993
2026-06-29 17:00:00,454.25,454.5,452.75,453.0,73661
2026-06-29 17:15:00,454.5,454.75,453.25,454.25,112289
2026-06-29 17:30:00,453.5,454.5,453.25,454.25,29748
2026-06-29 17:45:00,451.25,454.0,451.25,453.5,132970
2026-06-30 09:45:00,453.5,453.5,453.5,453.5,0
2026-06-30 10:00:00,447.5,453.75,446.0,453.0,406450
2026-06-30 10:15:00,447.25,449.25,446.5,447.25,144797
2026-06-30 10:30:00,445.5,448.25,444.75,447.25,152185
2026-06-30 10:45:00,442.0,446.0,441.75,445.75,201038
2026-06-30 11:00:00,447.0,447.5,441.25,442.0,397064
2026-06-30 11:15:00,447.75,448.25,446.75,447.0,117285
2026-06-30 11:30:00,442.75,448.0,442.25,447.75,141665
2026-06-30 11:45:00,441.75,443.25,441.25,442.5,68192
2026-06-30 12:00:00,442.75,443.75,441.5,441.75,77159
2026-06-30 12:15:00,446.25,447.0,442.75,442.75,121387
2026-06-30 12:30:00,446.0,446.5,445.0,446.25,56557
2026-06-30 12:45:00,446.75,447.5,445.75,446.0,95932
2026-06-30 13:00:00,445.0,447.0,444.5,446.75,64181
2026-06-30 13:15:00,444.5,445.75,442.75,445.0,91503
2026-06-30 13:30:00,444.25,445.75,442.5,444.5,180922
2026-06-30 13:45:00,443.25,445.5,442.5,444.25,89362
2026-06-30 14:00:00,445.25,445.5,441.75,443.0,172498
2026-06-30 14:15:00,442.75,445.0,442.5,445.0,59635
2026-06-30 14:30:00,443.75,444.5,442.25,442.75,91421
2026-06-30 14:45:00,442.0,443.75,441.5,443.75,149249
2026-06-30 15:00:00,441.25,442.0,439.75,442.0,175358
2026-06-30 15:15:00,440.5,441.0,439.75,441.0,51250
2026-06-30 15:30:00,443.25,443.5,440.0,440.5,48433
2026-06-30 15:45:00,438.5,443.75,438.25,443.25,119975
2026-06-30 16:00:00,437.75,439.25,437.25,438.25,171769
2026-06-30 16:15:00,438.75,439.5,437.5,437.75,110398
2026-06-30 16:30:00,437.75,439.0,437.0,438.75,49141
2026-06-30 16:45:00,436.75,438.5,436.5,437.75,101464
2026-06-30 17:00:00,437.25,437.5,436.25,436.75,125033
2026-06-30 17:15:00,439.25,441.0,435.75,437.25,240614
2026-06-30 17:30:00,442.0,443.0,438.75,438.75,262418
2026-06-30 17:45:00,442.75,443.5,440.75,442.0,290426
2026-07-01 09:45:00,442.75,442.75,442.75,442.75,0
2026-07-01 10:00:00,437.25,443.0,432.75,442.75,359256
2026-07-01 10:15:00,444.0,446.5,437.0,437.0,297476
2026-07-01 10:30:00,442.0,443.75,440.0,443.75,57821
2026-07-01 10:45:00,446.25,446.5,441.0,442.0,146896
2026-07-01 11:00:00,444.5,447.0,444.0,446.25,95060
2026-07-01 11:15:00,443.25,445.5,442.5,444.5,62850
2026-07-01 11:30:00,441.5,443.75,441.0,443.0,71302
2026-07-01 11:45:00,441.0,442.0,440.25,442.0,39669
2026-07-01 12:00:00,439.75,441.0,438.75,441.0,51595
2026-07-01 12:15:00,439.5,440.0,438.5,439.5,44222
2026-07-01 12:30:00,439.25,439.75,439.0,439.5,17705
2026-07-01 12:45:00,439.5,440.25,439.0,439.25,36979
2026-07-01 13:00:00,442.25,443.25,439.5,439.75,108712
2026-07-01 13:15:00,442.75,443.25,441.25,442.25,46924
2026-07-01 13:30:00,443.5,444.0,438.5,443.0,154653
2026-07-01 13:45:00,442.5,444.0,442.0,443.75,87764
2026-07-01 14:00:00,442.5,443.5,442.5,442.5,35212
2026-07-01 14:15:00,445.5,446.0,442.5,442.75,143332
2026-07-01 14:30:00,444.5,447.75,444.0,445.5,171410
2026-07-01 14:45:00,442.75,445.0,442.5,444.5,79728
2026-07-01 15:00:00,442.75,443.0,441.5,442.75,57692
2026-07-01 15:15:00,442.25,442.75,441.5,442.75,27625
2026-07-01 15:30:00,443.25,443.75,441.75,442.0,31136
2026-07-01 15:45:00,442.25,443.5,441.0,443.25,66830
2026-07-01 16:00:00,442.5,443.75,441.0,442.0,48793
2026-07-01 16:15:00,445.0,445.0,441.75,442.5,70335
2026-07-01 16:30:00,446.5,447.0,444.25,445.0,65978
2026-07-01 16:45:00,446.5,448.5,446.5,446.75,139850
2026-07-01 17:00:00,448.0,449.25,446.5,446.75,89607
2026-07-01 17:15:00,447.0,448.75,446.75,448.25,42161
2026-07-01 17:30:00,446.5,447.5,445.75,447.25,80289
2026-07-01 17:45:00,447.0,447.25,445.0,446.5,100323
2026-07-02 09:45:00,448.5,448.5,448.5,448.5,0
2026-07-02 10:00:00,455.25,455.5,446.25,448.0,201688
2026-07-02 10:15:00,450.25,455.75,449.5,455.0,152965
2026-07-02 10:30:00,451.5,452.0,449.5,450.25,39483
2026-07-02 10:45:00,451.25,452.5,450.25,451.5,48089
2026-07-02 11:00:00,449.5,451.5,449.0,451.25,51892
2026-07-02 11:15:00,448.25,449.75,447.75,449.25,35161
2026-07-02 11:30:00,453.0,455.5,447.75,448.25,173637
2026-07-02 11:45:00,454.25,454.5,452.75,453.25,31817
2026-07-02 12:00:00,453.5,454.5,452.5,454.0,45839
2026-07-02 12:15:00,453.75,453.75,451.75,453.5,36403
2026-07-02 12:30:00,453.0,453.75,452.75,453.75,14361
2026-07-02 12:45:00,454.0,454.0,452.5,453.0,15002
2026-07-02 13:00:00,453.75,455.5,452.5,453.75,84689
2026-07-02 13:15:00,453.0,454.5,452.75,454.0,23144
2026-07-02 13:30:00,453.75,456.0,453.0,453.5,99556
2026-07-02 13:45:00,453.0,456.0,452.25,453.75,45004
2026-07-02 14:00:00,456.0,456.75,452.0,453.0,77555
2026-07-02 14:15:00,455.75,457.0,454.25,455.75,80401
2026-07-02 14:30:00,454.0,456.0,453.75,455.5,45997
2026-07-02 14:45:00,453.75,454.75,453.0,454.0,39651
2026-07-02 15:00:00,454.25,454.75,452.25,453.5,87699
2026-07-02 15:15:00,455.5,456.75,453.75,454.0,48831
2026-07-02 15:30:00,460.0,463.25,455.0,455.75,420524
2026-07-02 15:45:00,459.25,460.75,458.25,460.0,105956
2026-07-02 16:00:00,457.75,460.0,457.25,459.5,74885
2026-07-02 16:15:00,457.75,458.0,456.25,457.5,58112
2026-07-02 16:30:00,458.75,459.75,457.0,457.5,45516
2026-07-02 16:45:00,459.25,460.25,458.75,459.0,45809
2026-07-02 17:00:00,459.25,460.25,459.25,459.25,43557
2026-07-02 17:15:00,460.5,460.75,458.0,459.5,86445
2026-07-02 17:30:00,461.75,462.25,459.75,460.25,147921
2026-07-02 17:45:00,462.0,463.0,460.75,461.75,144762
2026-07-03 09:45:00,465.25,465.25,465.25,465.25,0
2026-07-03 10:00:00,466.0,468.0,461.25,465.0,210231
2026-07-03 10:15:00,465.5,468.25,460.0,466.0,141140
2026-07-03 10:30:00,465.25,467.25,464.0,465.5,77465
2026-07-03 10:45:00,464.0,466.5,463.0,464.75,77481
2026-07-03 11:00:00,465.25,466.75,463.0,464.0,71378
2026-07-03 11:15:00,463.5,465.25,463.0,465.25,10893
2026-07-03 11:30:00,463.75,464.0,463.0,463.5,13948
2026-07-03 11:45:00,462.75,463.75,462.5,463.75,27310
2026-07-03 12:00:00,462.25,463.0,461.25,462.75,33742
2026-07-03 12:15:00,460.25,462.5,459.75,462.25,65105
2026-07-03 12:30:00,462.5,462.5,460.25,460.25,40533
2026-07-03 12:45:00,462.5,463.0,461.5,462.5,17466
2026-07-03 13:00:00,463.25,464.0,462.0,462.5,18803
2026-07-03 13:15:00,463.75,464.25,463.0,463.25,10751
2026-07-03 13:30:00,464.5,464.75,463.25,463.5,19432
2026-07-03 13:45:00,462.5,464.25,462.25,464.25,16245
2026-07-03 14:00:00,461.5,465.0,461.25,462.25,61812
2026-07-03 14:15:00,465.25,466.25,461.5,461.5,63870
2026-07-03 14:30:00,464.25,465.75,464.0,465.5,22477
2026-07-03 14:45:00,463.75,464.75,463.5,464.25,25423
2026-07-03 15:00:00,463.0,464.25,463.0,464.0,19841
2026-07-03 15:15:00,461.25,463.0,459.75,463.0,68691
2026-07-03 15:30:00,459.5,461.5,458.75,461.25,51604
2026-07-03 15:45:00,462.5,462.5,459.75,459.75,24549
2026-07-03 16:00:00,461.75,463.0,461.5,462.5,39151
2026-07-03 16:15:00,463.0,463.25,462.25,462.25,16481
2026-07-03 16:30:00,461.75,463.0,461.5,463.0,12266
2026-07-03 16:45:00,460.25,462.0,460.25,462.0,17525
2026-07-03 17:00:00,460.25,460.5,459.75,460.0,20908
2026-07-03 17:15:00,457.25,460.25,454.25,460.25,182928
2026-07-03 17:30:00,457.0,458.75,456.75,457.25,46875
2026-07-03 17:45:00,456.0,457.5,455.75,457.0,100010
2026-07-06 09:45:00,458.0,458.0,458.0,458.0,0
2026-07-06 10:00:00,454.25,457.25,451.5,457.0,243756
2026-07-06 10:15:00,455.25,458.0,454.25,454.5,105933
2026-07-06 10:30:00,456.0,456.25,455.0,455.5,33493
2026-07-06 10:45:00,454.5,456.75,454.0,456.25,24940
2026-07-06 11:00:00,455.5,456.25,453.5,454.5,39127
2026-07-06 11:15:00,456.0,456.5,454.75,455.75,13373
2026-07-06 11:30:00,461.25,462.5,455.5,456.0,209343
2026-07-06 11:45:00,461.75,462.0,457.0,461.25,150073
2026-07-06 12:00:00,460.75,462.25,459.5,462.0,54799
2026-07-06 12:15:00,462.5,463.5,460.75,460.75,124119
2026-07-06 12:30:00,464.5,464.75,460.75,462.75,136660
2026-07-06 12:45:00,463.5,465.75,463.25,464.5,93634
2026-07-06 13:00:00,464.5,464.5,462.5,463.5,37599
2026-07-06 13:15:00,465.25,466.5,464.25,464.5,61206
2026-07-06 13:30:00,464.75,466.25,464.0,465.25,60491
2026-07-06 13:45:00,464.25,465.25,463.5,464.75,29462
2026-07-06 14:00:00,465.5,465.5,464.0,464.5,45228
2026-07-06 14:15:00,465.75,466.5,465.0,465.5,35259
2026-07-06 14:30:00,465.5,465.75,465.0,465.75,18139
2026-07-06 14:45:00,465.5,466.25,464.5,465.25,50520
2026-07-06 15:00:00,464.5,465.75,464.0,465.75,55468
2026-07-06 15:15:00,463.0,465.5,462.25,464.5,56573
2026-07-06 15:30:00,460.5,463.0,460.0,463.0,145074
2026-07-06 15:45:00,461.0,461.75,460.25,460.5,31795
2026-07-06 16:00:00,461.0,461.75,460.5,460.75,22688
2026-07-06 16:15:00,460.5,461.5,460.0,461.25,23894
2026-07-06 16:30:00,462.0,462.25,460.25,460.5,20647
2026-07-06 16:45:00,463.0,463.5,462.25,462.25,29779
2026-07-06 17:00:00,462.75,463.25,462.0,463.25,16542
2026-07-06 17:15:00,462.25,462.75,460.75,462.75,34261
2026-07-06 17:30:00,461.5,462.25,460.25,462.25,53457
2026-07-06 17:45:00,460.75,461.5,460.5,461.25,83972
2026-07-07 09:45:00,460.75,460.75,460.75,460.75,0
2026-07-07 10:00:00,461.75,464.0,454.5,460.5,173851
2026-07-07 10:15:00,461.75,462.75,461.25,461.75,28370
2026-07-07 10:30:00,462.25,462.5,460.75,461.75,37015
2026-07-07 10:45:00,460.5,463.0,459.25,462.25,43924
2026-07-07 11:00:00,461.0,461.25,459.25,460.75,43028
2026-07-07 11:15:00,459.5,461.5,459.5,461.25,16941
2026-07-07 11:30:00,464.0,464.5,459.0,459.25,113302
2026-07-07 11:45:00,463.5,465.25,463.5,463.75,103280
2026-07-07 12:00:00,464.5,464.75,462.75,463.25,31903
2026-07-07 12:15:00,465.0,466.0,464.25,464.75,100330
2026-07-07 12:30:00,464.5,465.5,464.25,465.0,43544
2026-07-07 12:45:00,463.5,464.75,462.75,464.5,41812
2026-07-07 13:00:00,464.0,464.75,463.5,463.5,21936
2026-07-07 13:15:00,464.0,464.75,463.75,464.0,14621
2026-07-07 13:30:00,465.25,465.25,462.75,463.75,28512
2026-07-07 13:45:00,464.75,466.25,464.25,465.25,52555
2026-07-07 14:00:00,467.5,468.5,464.0,464.75,119476
2026-07-07 14:15:00,466.0,468.25,465.75,467.25,45063
2026-07-07 14:30:00,467.0,468.0,466.25,466.25,34627
2026-07-07 14:45:00,467.5,467.75,466.75,467.0,25129
2026-07-07 15:00:00,469.5,470.5,467.75,467.75,92520
2026-07-07 15:15:00,470.75,472.25,468.25,469.5,165082
2026-07-07 15:30:00,470.75,471.5,470.0,470.5,42243
2026-07-07 15:45:00,470.25,471.5,470.0,470.5,30480
2026-07-07 16:00:00,468.0,470.25,467.0,470.25,99872
2026-07-07 16:15:00,466.0,467.75,465.75,467.75,36289
2026-07-07 16:30:00,465.75,466.5,465.0,466.0,31419
2026-07-07 16:45:00,465.0,465.75,464.5,465.75,44917
2026-07-07 17:00:00,464.0,466.25,463.75,465.0,72292
2026-07-07 17:15:00,461.25,464.5,460.0,464.0,146415
2026-07-07 17:30:00,460.0,462.0,460.0,461.5,79681
2026-07-07 17:45:00,458.0,460.5,457.5,460.25,113659
2026-07-08 09:45:00,458.25,458.25,458.25,458.25,0
2026-07-08 10:00:00,448.25,458.25,447.75,458.25,300027
2026-07-08 10:15:00,449.25,454.0,446.75,448.5,104610
2026-07-08 10:30:00,450.25,452.0,448.5,449.25,64482
2026-07-08 10:45:00,451.25,451.75,450.25,450.25,26501
2026-07-08 11:00:00,451.0,451.5,449.0,451.25,49979
2026-07-08 11:15:00,441.0,451.25,441.0,451.0,328064
2026-07-08 11:30:00,439.25,441.5,437.25,441.25,293626
2026-07-08 11:45:00,442.25,442.5,437.5,439.0,91491
2026-07-08 12:00:00,442.25,444.5,441.5,442.0,141482
2026-07-08 12:15:00,442.25,444.0,440.5,442.25,82860
2026-07-08 12:30:00,442.0,443.0,441.5,442.25,38706
2026-07-08 12:45:00,441.75,442.5,441.0,442.0,40782
2026-07-08 13:00:00,441.75,442.0,440.75,441.75,39386
2026-07-08 13:15:00,441.25,442.25,440.75,441.75,26247
2026-07-08 13:30:00,439.75,442.0,439.5,441.25,20545
2026-07-08 13:45:00,437.75,439.75,437.75,439.75,52182
2026-07-08 14:00:00,437.75,439.75,436.25,438.0,81336
2026-07-08 14:15:00,437.75,438.25,437.5,438.0,28128
2026-07-08 14:30:00,439.5,440.25,437.75,438.0,50212
2026-07-08 14:45:00,437.75,439.75,437.75,439.5,47062
2026-07-08 15:00:00,438.75,439.25,437.0,437.75,68899
2026-07-08 15:15:00,440.0,441.5,437.75,438.75,159645
2026-07-08 15:30:00,438.75,440.5,438.5,440.25,23475
2026-07-08 15:45:00,437.75,439.75,437.0,439.0,63342
2026-07-08 16:00:00,438.25,438.75,436.5,438.0,36191
2026-07-08 16:15:00,438.25,439.25,438.0,438.5,25707
2026-07-08 16:30:00,438.25,438.75,437.75,438.25,31169
2026-07-08 16:45:00,438.25,438.75,437.5,438.25,51239
2026-07-08 17:00:00,436.75,438.5,436.5,438.25,43728
2026-07-08 17:15:00,436.75,437.25,435.75,436.75,73793
2026-07-08 17:30:00,435.5,437.0,435.5,436.75,30992
2026-07-08 17:45:00,434.0,435.0,432.5,435.0,143625
2026-07-09 09:45:00,435.5,435.5,435.5,435.5,0
2026-07-09 10:00:00,438.25,439.5,435.25,435.5,240714
2026-07-09 10:15:00,440.5,441.75,436.75,438.25,119180
2026-07-09 10:30:00,442.5,445.0,439.5,440.75,120337
2026-07-09 10:45:00,435.5,442.5,435.0,442.5,195243
2026-07-09 11:00:00,434.75,441.0,431.0,435.5,213751
2026-07-09 11:15:00,434.25,435.5,433.75,435.0,60045
2026-07-09 11:30:00,437.25,438.5,433.75,434.25,120013
2026-07-09 11:45:00,436.0,437.25,435.5,437.25,27444
2026-07-09 12:00:00,436.0,437.25,435.5,436.0,32076
2026-07-09 12:15:00,434.5,436.0,434.5,436.0,19100
2026-07-09 12:30:00,434.75,435.5,434.25,434.5,55133
2026-07-09 12:45:00,438.75,439.0,434.75,434.75,86274
2026-07-09 13:00:00,437.75,440.25,437.5,438.75,67731
2026-07-09 13:15:00,437.25,438.25,436.5,437.75,55693
2026-07-09 13:30:00,436.5,438.0,435.75,437.25,61108
2026-07-09 13:45:00,436.0,436.75,435.5,436.5,59331
2026-07-09 14:00:00,435.5,436.75,435.0,436.0,38732
2026-07-09 14:15:00,433.75,435.5,433.75,435.25,63943
2026-07-09 14:30:00,434.0,434.25,432.75,433.5,58695
2026-07-09 14:45:00,434.25,434.5,433.25,434.25,23412
2026-07-09 15:00:00,434.5,435.0,433.75,434.25,36655
2026-07-09 15:15:00,436.0,436.0,434.5,434.5,31840
2026-07-09 15:30:00,434.5,436.75,434.5,436.0,82185
2026-07-09 15:45:00,434.25,434.5,432.75,434.5,74838
2026-07-09 16:00:00,434.75,435.75,434.25,434.25,59870
2026-07-09 16:15:00,434.75,435.0,433.75,434.5,51822
2026-07-09 16:30:00,434.5,435.0,433.5,434.75,41237
2026-07-09 16:45:00,433.5,435.0,432.5,434.75,137433
2026-07-09 17:00:00,433.5,434.5,433.0,433.5,46751
2026-07-09 17:15:00,434.0,434.25,432.0,433.25,66201
2026-07-09 17:30:00,435.5,436.25,431.25,434.0,125369
2026-07-09 17:45:00,436.75,437.5,435.5,435.5,124504
2026-07-10 09:45:00,436.0,436.0,436.0,436.0,0
2026-07-10 10:00:00,441.0,441.0,435.5,436.0,130905
2026-07-10 10:15:00,443.75,443.75,439.75,441.0,114524
2026-07-10 10:30:00,443.5,448.0,443.25,443.5,126874
2026-07-10 10:45:00,442.0,444.0,441.0,443.5,60746
2026-07-10 11:00:00,443.5,443.75,441.0,442.0,72422
2026-07-10 11:15:00,444.0,444.75,443.25,443.5,100939
2026-07-10 11:30:00,445.75,448.0,443.5,444.0,138251
2026-07-10 11:45:00,446.5,446.75,444.25,445.75,29057
2026-07-10 12:00:00,447.25,447.75,446.0,446.5,56015
2026-07-10 12:15:00,450.5,451.5,447.0,447.25,141033
2026-07-10 12:30:00,452.25,453.25,450.25,450.5,104010
2026-07-10 12:45:00,450.25,452.0,449.5,452.0,63866
2026-07-10 13:00:00,446.25,450.5,446.25,450.5,60256
2026-07-10 13:15:00,448.75,449.0,446.0,446.25,53572
2026-07-10 13:30:00,446.75,449.25,445.75,448.75,69326
2026-07-10 13:45:00,446.5,447.25,446.0,446.75,21584
2026-07-10 14:00:00,446.0,447.25,444.75,446.5,78225
2026-07-10 14:15:00,446.0,447.0,445.75,446.0,27163
2026-07-10 14:30:00,447.25,449.25,445.0,446.25,104115
2026-07-10 14:45:00,445.25,448.5,445.0,447.25,113989
2026-07-10 15:00:00,445.0,446.5,444.75,445.5,116783
2026-07-10 15:15:00,444.5,445.75,444.0,445.25,52138
2026-07-10 15:30:00,447.75,449.75,444.75,444.75,85901
2026-07-10 15:45:00,446.5,448.0,445.25,447.75,32166
2026-07-10 16:00:00,447.5,447.5,445.75,446.5,31154
2026-07-10 16:15:00,446.25,447.75,445.5,447.25,72835
2026-07-10 16:30:00,443.5,446.75,443.5,446.25,106582
2026-07-10 16:45:00,442.25,444.0,441.5,443.75,188047
2026-07-10 17:00:00,440.75,442.5,438.0,442.5,195599
2026-07-10 17:15:00,441.5,442.5,440.25,440.75,141089
2026-07-10 17:30:00,441.0,441.75,439.0,441.5,143391
2026-07-10 17:45:00,437.75,441.0,435.75,441.0,207920
2026-07-13 09:45:00,430.0,430.0,430.0,430.0,0
2026-07-13 10:00:00,433.0,433.5,426.5,429.75,359429
2026-07-13 10:15:00,432.25,433.5,430.25,433.0,101355
2026-07-13 10:30:00,430.75,432.25,429.75,432.25,96304
2026-07-13 10:45:00,430.0,431.25,429.75,430.75,85061
2026-07-13 11:00:00,425.0,430.0,423.5,430.0,192708
2026-07-13 11:15:00,419.0,424.75,418.75,424.75,207052
2026-07-13 11:30:00,421.0,421.5,417.75,419.0,200677
2026-07-13 11:45:00,420.0,421.75,419.75,421.0,96873
2026-07-13 12:00:00,418.75,420.25,418.25,420.0,75599
2026-07-13 12:15:00,418.5,419.5,418.25,419.0,68086
2026-07-13 12:30:00,417.0,419.25,416.75,418.75,113242
2026-07-13 12:45:00,416.25,417.0,414.5,417.0,291515
2026-07-13 13:00:00,415.0,416.5,414.25,416.25,93441
2026-07-13 13:15:00,413.75,415.25,413.5,414.75,81062
2026-07-13 13:30:00,413.75,414.5,413.25,413.75,56111
2026-07-13 13:45:00,415.25,415.25,413.5,413.75,49502
2026-07-13 14:00:00,416.25,416.5,414.5,415.0,61774
2026-07-13 14:15:00,416.25,417.25,415.75,416.0,77632
2026-07-13 14:30:00,416.5,417.0,415.5,416.25,44031
2026-07-13 14:45:00,415.5,416.75,414.5,416.5,72237
2026-07-13 15:00:00,413.5,415.75,413.0,415.5,123776
2026-07-13 15:15:00,413.25,414.25,413.0,413.25,57216
2026-07-13 15:30:00,413.75,414.0,412.25,413.0,56627
2026-07-13 15:45:00,415.0,415.75,413.5,413.75,100427
2026-07-13 16:00:00,415.75,417.5,414.25,415.25,121435
2026-07-13 16:15:00,414.0,416.0,413.25,416.0,107417
2026-07-13 16:30:00,411.5,415.25,411.25,414.25,81966
2026-07-13 16:45:00,414.75,415.0,411.25,411.5,91960
2026-07-13 17:00:00,413.25,415.0,412.75,414.5,56280
2026-07-13 17:15:00,413.0,413.5,411.5,413.25,106608
2026-07-13 17:30:00,413.0,414.0,412.5,413.25,85479
2026-07-13 17:45:00,411.5,413.5,410.75,413.0,148886
2026-07-14 09:45:00,410.0,410.0,410.0,410.0,0
2026-07-14 10:00:00,415.0,415.25,408.25,409.75,250795
2026-07-14 10:15:00,412.75,416.5,411.5,414.75,239650
2026-07-14 10:30:00,414.25,415.25,412.5,413.0,103352
2026-07-14 10:45:00,415.25,415.5,413.25,414.25,175128
2026-07-14 11:00:00,413.25,415.5,412.75,415.25,78503
2026-07-14 11:15:00,414.0,414.25,413.0,413.5,47216
2026-07-14 11:30:00,414.5,415.5,413.75,414.0,69562
2026-07-14 11:45:00,414.5,415.5,414.25,414.25,33089
2026-07-14 12:00:00,414.75,415.25,414.5,414.5,30864
2026-07-14 12:15:00,413.75,414.5,412.5,414.5,138106
2026-07-14 12:30:00,414.25,414.75,412.5,413.5,476061
2026-07-14 12:45:00,411.5,414.5,411.25,414.25,169447
2026-07-14 13:00:00,411.25,411.75,410.25,411.75,55148
2026-07-14 13:15:00,411.5,412.0,411.25,411.25,38038
2026-07-14 13:30:00,412.0,412.5,410.0,411.5,61961
2026-07-14 13:45:00,411.5,412.75,411.25,412.0,33331
2026-07-14 14:00:00,410.5,411.75,409.75,411.5,42025
2026-07-14 14:15:00,410.75,411.5,410.5,410.75,37155
2026-07-14 14:30:00,411.0,412.25,410.75,411.25,69671
2026-07-14 14:45:00,412.75,413.5,411.0,411.25,206409
2026-07-14 15:00:00,412.0,413.0,412.0,412.75,45091
2026-07-14 15:15:00,412.0,412.25,411.75,412.25,23260
2026-07-14 15:30:00,412.75,413.75,412.25,412.25,250003
2026-07-14 15:45:00,413.25,414.5,412.25,412.75,178282
2026-07-14 16:00:00,416.75,417.5,413.0,413.0,353768
2026-07-14 16:15:00,417.5,418.0,416.0,416.75,77041
2026-07-14 16:30:00,415.0,418.0,415.0,417.75,62779
2026-07-14 16:45:00,415.0,415.75,414.5,415.0,40028
2026-07-14 17:00:00,415.0,415.75,414.75,415.25,45114
2026-07-14 17:15:00,414.75,416.0,414.5,415.0,61411
2026-07-14 17:30:00,414.5,416.0,414.5,415.0,68433
2026-07-14 17:45:00,413.25,414.75,412.75,414.75,94566
2026-07-16 09:45:00,413.5,413.5,413.5,413.5,0
2026-07-16 10:00:00,415.25,416.75,412.0,413.5,182607
2026-07-16 10:15:00,422.25,424.25,415.5,415.5,310152
2026-07-16 10:30:00,422.5,423.0,421.25,422.5,96626
2026-07-16 10:45:00,423.0,424.0,421.75,422.5,74199
2026-07-16 11:00:00,426.5,427.0,422.75,423.0,103039
2026-07-16 11:15:00,428.0,429.0,426.0,426.75,120523
2026-07-16 11:30:00,426.25,429.75,425.25,428.0,227948
2026-07-16 11:45:00,428.5,430.0,426.25,426.5,119191
2026-07-16 12:00:00,429.75,429.75,428.5,428.5,70091
2026-07-16 12:15:00,428.5,430.5,428.25,429.75,70671
2026-07-16 12:30:00,428.0,429.0,427.5,428.25,38072
2026-07-16 12:45:00,427.75,428.75,427.5,428.0,26092
2026-07-16 13:00:00,428.0,428.0,427.5,427.75,8252
2026-07-16 13:15:00,428.25,428.75,428.0,428.0,15335
2026-07-16 13:30:00,428.0,428.75,427.5,428.25,18723
2026-07-16 13:45:00,428.5,428.5,428.0,428.25,19411
2026-07-16 14:00:00,428.0,429.0,427.75,428.75,19511
2026-07-16 14:15:00,428.25,429.0,427.75,428.0,23749
2026-07-16 14:30:00,428.75,429.0,427.75,428.25,19145
2026-07-16 14:45:00,426.75,428.75,426.5,428.5,95860
2026-07-16 15:00:00,427.0,427.25,426.0,426.5,49732
2026-07-16 15:15:00,426.75,427.5,426.75,427.0,28304
2026-07-16 15:30:00,425.5,427.5,425.0,426.75,61332
2026-07-16 15:45:00,424.25,426.0,424.0,425.5,92344
2026-07-16 16:00:00,426.0,426.75,424.5,424.5,48457
2026-07-16 16:15:00,425.0,426.5,424.0,426.25,67592
2026-07-16 16:30:00,425.25,425.5,424.75,425.0,21148
2026-07-16 16:45:00,423.0,425.0,422.5,425.0,104699
2026-07-16 17:00:00,421.25,423.5,418.75,423.0,190292
2026-07-16 17:15:00,422.0,422.0,420.5,421.25,51799
2026-07-16 17:30:00,421.75,422.5,421.5,422.0,65951
2026-07-16 17:45:00,421.25,422.25,421.0,421.5,98639
2026-07-17 12:00:00,411.5,411.5,411.0,411.0,4293
2026-07-17 12:15:00,412.5,413.25,411.0,411.5,32916
2026-07-17 12:30:00,411.5,412.5,411.25,412.5,14052
2026-07-17 12:45:00,411.75,412.0,410.75,411.5,29063
2026-07-17 13:00:00,412.25,412.5,411.75,411.75,17795
2026-07-17 13:15:00,411.25,412.25,411.25,412.25,23840
2026-07-17 13:30:00,410.25,411.5,410.0,411.0,23899
2026-07-17 13:45:00,410.75,411.5,410.0,410.25,26346
2026-07-17 14:00:00,411.25,411.5,410.5,410.75,13036
2026-07-17 14:15:00,411.5,412.0,411.25,411.25,20775
2026-07-17 14:30:00,411.75,411.75,411.0,411.25,7802
2026-07-17 14:45:00,411.5,412.5,411.25,411.5,29339
2026-07-17 15:00:00,413.75,414.0,411.5,411.5,46416
2026-07-17 15:15:00,412.75,414.5,411.5,413.75,50317
2026-07-17 15:30:00,413.25,413.5,412.75,412.75,20624
2026-07-17 15:45:00,412.75,413.25,412.25,413.25,15571
2026-07-17 16:00:00,412.25,413.0,412.25,412.75,11098
2026-07-17 16:15:00,413.0,413.75,412.25,412.25,31276
2026-07-17 16:30:00,411.5,413.25,411.25,413.0,23702
2026-07-17 16:45:00,413.0,413.0,411.25,411.5,29248
2026-07-17 17:00:00,412.0,413.25,411.75,413.25,21446
2026-07-17 17:15:00,412.5,413.25,411.75,412.0,28847
2026-07-17 17:30:00,411.5,412.5,411.0,412.5,46222
2026-07-17 17:45:00,411.75,411.75,410.75,411.25,74517
2026-07-20 09:45:00,412.5,412.5,412.5,412.5,0
2026-07-20 10:00:00,411.75,413.0,409.75,412.5,118205
2026-07-20 10:15:00,412.0,412.25,409.75,411.5,70542
2026-07-20 10:30:00,410.0,413.0,409.5,412.0,88891
2026-07-20 10:45:00,412.25,412.25,410.0,410.0,31610
2026-07-20 11:00:00,410.5,412.5,409.75,412.5,43188
2026-07-20 11:15:00,410.5,411.25,410.0,410.75,42493
2026-07-20 11:30:00,407.75,410.75,405.75,410.5,219877
2026-07-20 11:45:00,407.5,408.5,406.75,407.75,52286
2026-07-20 12:00:00,407.5,409.0,407.25,407.5,31091
2026-07-20 12:15:00,408.5,408.5,407.25,407.25,28884
2026-07-20 12:30:00,408.5,409.25,408.0,408.5,36029
2026-07-20 12:45:00,408.5,409.0,408.25,408.5,24617
2026-07-20 13:00:00,408.5,409.0,408.0,408.5,11211
2026-07-20 13:15:00,406.75,408.5,406.25,408.5,31101
2026-07-20 13:30:00,402.5,406.75,402.25,406.75,175296
2026-07-20 13:45:00,403.5,403.75,402.25,402.5,82560
2026-07-20 14:00:00,403.5,404.0,402.75,403.25,112636
2026-07-20 14:15:00,405.25,406.0,402.75,403.5,92858
2026-07-20 14:30:00,408.5,408.75,405.0,405.0,73547
2026-07-20 14:45:00,408.5,409.25,407.25,408.5,33463
2026-07-20 15:00:00,410.25,411.0,407.75,408.5,150858
2026-07-20 15:15:00,411.0,411.25,410.25,410.25,53598
2026-07-20 15:30:00,410.5,411.25,410.25,411.0,42601
2026-07-20 15:45:00,410.5,410.75,410.25,410.5,22213
2026-07-20 16:00:00,408.25,410.75,408.25,410.5,31744
2026-07-20 16:15:00,408.75,409.25,408.25,408.25,10687
2026-07-20 16:30:00,408.25,409.25,408.0,408.75,17369
2026-07-20 16:45:00,408.0,408.75,407.0,408.25,38797
2026-07-20 17:00:00,409.75,410.25,407.75,408.0,26156
2026-07-20 17:15:00,409.0,410.0,409.0,409.75,33533
2026-07-20 17:30:00,408.75,409.5,408.5,409.0,40585
2026-07-20 17:45:00,409.75,410.0,408.25,408.75,106910
2026-07-21 09:45:00,414.75,414.75,414.75,414.75,0
2026-07-21 10:00:00,421.25,423.75,415.0,415.0,440026
2026-07-21 10:15:00,423.0,425.25,420.25,421.25,266604
2026-07-21 10:30:00,424.75,425.0,422.75,422.75,81522
2026-07-21 10:45:00,423.75,425.0,422.5,424.75,65633
2026-07-21 11:00:00,421.25,424.5,420.5,423.75,48491
2026-07-21 11:15:00,423.0,424.0,421.25,421.25,56800
2026-07-21 11:30:00,423.0,424.0,422.5,423.0,48656
2026-07-21 11:45:00,422.75,423.25,422.0,423.25,37341
2026-07-21 12:00:00,425.0,425.75,422.5,422.75,93567
2026-07-21 12:15:00,424.25,426.0,424.25,424.75,43039
2026-07-21 12:30:00,423.0,424.25,422.5,424.25,43558
2026-07-21 12:45:00,423.25,424.25,423.0,423.0,50131
2026-07-21 13:00:00,423.0,423.75,422.5,423.5,33898
2026-07-21 13:15:00,422.5,424.0,422.5,423.0,69895
2026-07-21 13:30:00,421.75,423.0,421.5,422.75,31475
2026-07-21 13:45:00,423.25,423.25,421.0,421.75,34991
2026-07-21 14:00:00,420.0,423.25,419.5,423.25,46802
2026-07-21 14:15:00,419.0,420.0,418.25,419.75,72199
2026-07-21 14:30:00,418.25,419.5,418.25,419.0,27756
2026-07-21 14:45:00,415.5,418.25,415.25,418.25,114143
2026-07-21 15:00:00,416.0,416.75,415.0,415.5,44315
2026-07-21 15:15:00,414.5,416.0,414.0,416.0,48995
2026-07-21 15:30:00,413.5,415.25,412.75,414.5,76716
2026-07-21 15:45:00,416.75,417.0,413.25,413.25,50575
2026-07-21 16:00:00,416.5,417.25,415.5,416.75,73152
2026-07-21 16:15:00,415.25,416.5,415.0,416.25,31627
2026-07-21 16:30:00,414.25,415.5,414.25,415.5,34335
2026-07-21 16:45:00,415.5,415.75,414.5,414.5,17547
2026-07-21 17:00:00,416.25,416.5,415.5,415.75,19576
2026-07-21 17:15:00,416.75,417.25,415.75,416.25,26736
2026-07-21 17:30:00,417.25,417.5,416.25,416.75,37027
2026-07-21 17:45:00,417.75,418.0,416.75,417.25,62829
2026-07-22 09:45:00,422.5,422.5,422.5,422.5,0
2026-07-22 10:00:00,426.5,428.5,421.5,422.5,335898
2026-07-22 10:15:00,427.75,428.0,425.75,426.5,274861
2026-07-22 10:30:00,425.5,428.0,423.5,428.0,175952
2026-07-22 10:45:00,426.25,429.0,425.0,425.25,171729
2026-07-22 11:00:00,426.25,427.75,425.75,426.25,35796
2026-07-22 11:15:00,425.25,427.0,424.75,426.25,60388
2026-07-22 11:30:00,426.25,427.75,425.0,425.0,80562
2026-07-22 11:45:00,425.25,426.75,425.0,426.0,47598
2026-07-22 12:00:00,426.5,427.0,425.0,425.25,41964
2026-07-22 12:15:00,425.75,427.0,425.5,426.5,41910
2026-07-22 12:30:00,423.75,425.75,423.5,425.75,41463
2026-07-22 12:45:00,424.5,425.0,423.5,424.0,21281
2026-07-22 13:00:00,424.0,424.75,423.5,424.5,13360
2026-07-22 13:15:00,423.75,425.5,423.0,424.0,36445
2026-07-22 13:30:00,422.75,423.75,422.0,423.5,20677
2026-07-22 13:45:00,422.75,423.0,422.5,423.0,19368
2026-07-22 14:00:00,422.5,423.0,421.75,422.75,35525
2026-07-22 14:15:00,422.75,423.25,422.5,422.75,23903
2026-07-22 14:30:00,422.0,423.75,422.0,422.5,22201
2026-07-22 14:45:00,422.0,423.0,421.75,422.0,16134
2026-07-22 15:00:00,423.0,424.0,422.0,422.25,36336
2026-07-22 15:15:00,421.75,423.5,421.5,423.0,46931
2026-07-22 15:30:00,421.75,422.0,420.0,421.75,82720
2026-07-22 15:45:00,420.75,423.5,420.5,421.75,80376
2026-07-22 16:00:00,420.75,421.5,419.75,421.0,32873
2026-07-22 16:15:00,420.0,421.5,419.0,420.75,105890
2026-07-22 16:30:00,420.5,421.0,419.75,420.0,21281
2026-07-22 16:45:00,421.75,422.25,420.75,420.75,34627
2026-07-22 17:00:00,430.75,431.0,422.0,422.0,408272
2026-07-22 17:15:00,428.0,430.75,427.0,430.75,139359
2026-07-22 17:30:00,427.0,428.75,426.5,428.25,139434
2026-07-22 17:45:00,428.5,429.75,426.75,427.0,120420
2026-07-23 09:45:00,430.25,430.25,430.25,430.25,0
2026-07-23 10:00:00,433.5,434.25,428.75,430.25,205736
2026-07-23 10:15:00,431.25,434.0,431.0,433.75,50759
2026-07-23 10:30:00,433.25,433.5,429.75,431.0,151670
2026-07-23 10:45:00,434.75,436.5,432.5,433.0,175174
2026-07-23 11:00:00,435.0,436.5,434.0,434.75,102058
2026-07-23 11:15:00,433.5,435.25,432.5,435.25,59385
2026-07-23 11:30:00,433.75,435.5,432.5,433.5,57084
2026-07-23 11:45:00,433.75,435.0,433.75,434.0,33616
2026-07-23 12:00:00,434.0,434.75,433.5,433.75,23169
2026-07-23 12:15:00,432.0,434.0,431.75,434.0,34338
2026-07-23 12:30:00,432.5,432.5,430.5,432.0,38815
2026-07-23 12:45:00,431.0,433.0,430.75,432.5,22795
2026-07-23 13:00:00,431.0,431.75,430.75,430.75,16652
2026-07-23 13:15:00,431.25,432.75,431.0,431.0,25915
2026-07-23 13:30:00,431.5,431.75,430.75,431.0,15549
2026-07-23 13:45:00,432.5,433.25,431.75,431.75,21561
2026-07-23 14:00:00,432.0,433.0,430.75,432.75,65083
2026-07-23 14:15:00,430.0,432.5,429.75,431.75,49949
2026-07-23 14:30:00,429.75,430.75,429.5,430.0,65097
2026-07-23 14:45:00,433.75,434.5,430.0,430.0,118984
2026-07-23 15:00:00,432.5,434.25,432.25,433.75,32487
2026-07-23 15:15:00,429.5,433.0,429.5,432.5,49313
2026-07-23 15:30:00,428.0,430.5,427.5,429.75,92090
2026-07-23 15:45:00,428.5,429.0,427.25,428.0,53663
2026-07-23 16:00:00,428.25,429.0,427.25,428.25,41319
2026-07-23 16:15:00,427.5,428.75,427.0,428.5,61162
2026-07-23 16:30:00,426.5,427.5,426.25,427.25,35517
2026-07-23 16:45:00,427.75,428.0,425.75,426.75,42429
2026-07-23 17:00:00,424.25,427.75,423.5,427.75,129587
2026-07-23 17:15:00,426.75,427.0,424.25,424.5,37313
2026-07-23 17:30:00,427.25,427.75,426.25,427.0,51308
2026-07-23 17:45:00,426.5,427.5,426.0,427.25,67162
2026-07-24 09:45:00,423.0,423.0,423.0,423.0,0
2026-07-24 10:00:00,426.0,426.75,420.5,423.0,85365
2026-07-24 10:15:00,426.0,427.0,425.0,426.25,62763
2026-07-24 10:30:00,426.75,427.25,425.5,426.0,58925
2026-07-24 10:45:00,426.0,428.0,425.75,426.75,49441
2026-07-24 11:00:00,427.5,428.0,425.5,426.0,73992
2026-07-24 11:15:00,428.75,429.5,426.75,427.5,199839
2026-07-24 11:30:00,427.75,431.25,427.5,429.0,80488
2026-07-24 11:45:00,427.25,427.75,426.5,427.75,15590
2026-07-24 12:00:00,426.75,428.25,426.5,427.5,44632
2026-07-24 12:15:00,424.5,427.0,424.0,426.75,44581
2026-07-24 12:30:00,426.0,426.25,423.5,424.25,46654
2026-07-24 12:45:00,426.0,427.0,425.5,426.0,27960
2026-07-24 13:00:00,425.25,426.5,425.0,426.25,35822
2026-07-24 13:15:00,426.25,427.75,424.25,425.0,62754
2026-07-24 13:30:00,425.25,426.5,424.75,426.25,13083
2026-07-24 13:45:00,424.5,425.75,423.75,425.5,33939
2026-07-24 14:00:00,423.5,425.0,423.25,424.5,26936
2026-07-24 14:15:00,423.0,423.75,422.5,423.5,42250
2026-07-24 14:30:00,422.75,423.25,422.0,423.25,15101
2026-07-24 14:45:00,424.0,424.25,422.5,422.75,19148
2026-07-24 15:00:00,422.75,424.0,422.5,424.0,11220
2026-07-24 15:15:00,422.0,422.75,421.5,422.5,17433
2026-07-24 15:30:00,421.5,422.0,419.5,421.75,49802
2026-07-24 15:45:00,419.0,421.75,419.0,421.5,45228
2026-07-24 16:00:00,417.0,419.25,415.75,418.75,114451
2026-07-24 16:15:00,417.25,420.0,415.75,417.0,137017
2026-07-24 16:30:00,417.0,417.75,416.75,417.25,36341
2026-07-24 16:45:00,417.75,417.75,416.0,416.75,32122
2026-07-24 17:00:00,419.5,419.5,417.0,417.5,122767
2026-07-24 17:15:00,419.75,420.5,418.75,419.25,51966
2026-07-24 17:30:00,420.25,420.75,419.75,420.0,61801
2026-07-24 17:45:00,421.75,422.0,419.75,420.25,76967
2026-07-27 09:45:00,430.0,430.0,430.0,430.0,0
2026-07-27 10:00:00,429.75,433.75,429.25,430.0,204448
2026-07-27 10:15:00,429.25,431.5,427.75,429.25,155580
2026-07-27 10:30:00,427.0,429.5,423.25,429.25,102892
2026-07-27 10:45:00,425.5,428.5,425.5,427.25,96166
2026-07-27 11:00:00,424.75,426.75,424.5,425.5,30773
2026-07-27 11:15:00,425.75,425.75,424.25,424.75,16354
2026-07-27 11:30:00,426.0,426.25,425.25,425.75,29613
2026-07-27 11:45:00,425.5,426.0,425.0,426.0,18717
2026-07-27 12:00:00,424.25,425.5,423.25,425.5,26420
2026-07-27 12:15:00,422.75,424.25,422.25,424.25,47282
2026-07-27 12:30:00,421.75,423.0,420.5,422.75,38790
2026-07-27 12:45:00,423.0,424.0,421.75,421.75,54319
2026-07-27 13:00:00,422.0,423.25,422.0,423.0,25908
2026-07-27 13:15:00,423.0,423.0,421.5,422.25,18822
2026-07-27 13:30:00,422.5,423.0,421.5,423.0,30369
2026-07-27 13:45:00,423.0,423.0,421.5,422.5,32290
2026-07-27 14:00:00,422.75,423.25,422.25,422.75,12137
2026-07-27 14:15:00,422.75,424.5,422.25,422.75,23049
2026-07-27 14:30:00,424.25,424.25,422.75,422.75,22014
2026-07-27 14:45:00,424.25,424.5,423.0,424.25,15058
2026-07-27 15:00:00,424.5,425.5,423.75,424.25,42171
2026-07-27 15:15:00,426.0,426.0,424.25,424.5,94965
2026-07-27 15:30:00,424.25,426.25,424.0,425.75,24083
2026-07-27 15:45:00,424.5,424.75,423.5,424.25,25772
2026-07-27 16:00:00,423.5,426.25,423.5,424.5,62521
2026-07-27 16:15:00,424.0,424.75,423.25,423.5,35542
2026-07-27 16:30:00,423.75,425.25,423.25,423.75,118698
2026-07-27 16:45:00,423.0,425.75,422.75,424.0,68846
2026-07-27 17:00:00,423.0,423.75,422.75,423.0,22227
2026-07-27 17:15:00,422.25,423.75,422.25,423.0,29413
2026-07-27 17:30:00,422.25,423.0,421.75,422.25,39153
2026-07-27 17:45:00,423.5,424.25,421.0,422.5,98146
2026-07-28 09:45:00,424.0,424.0,424.0,424.0,0
2026-07-28 10:00:00,420.75,424.0,418.75,423.75,100755
2026-07-28 10:15:00,420.25,423.75,419.75,420.75,120870
2026-07-28 10:30:00,421.0,421.25,419.5,420.25,18643
2026-07-28 10:45:00,420.0,421.5,419.75,421.25,20361
2026-07-28 11:00:00,421.0,421.0,419.25,420.25,39013
2026-07-28 11:15:00,422.5,423.5,420.75,420.75,54140
2026-07-28 11:30:00,423.5,425.0,422.25,422.75,37347
2026-07-28 11:45:00,423.5,423.75,423.0,423.5,15270
2026-07-28 12:00:00,423.25,424.75,423.25,423.75,23510
2026-07-28 12:15:00,425.25,425.25,423.25,423.5,21897
2026-07-28 12:30:00,423.75,425.75,423.5,425.0,44322
2026-07-28 12:45:00,423.75,424.75,423.75,423.75,10489
2026-07-28 13:00:00,422.75,424.0,422.5,423.75,18120
2026-07-28 13:15:00,421.75,422.75,421.75,422.75,7391
2026-07-28 13:30:00,422.0,423.0,421.25,422.0,16655
2026-07-28 13:45:00,423.5,424.0,422.0,422.0,17177
2026-07-28 14:00:00,420.25,424.0,420.0,423.5,33940
2026-07-28 14:15:00,419.0,421.25,418.5,420.25,25161
2026-07-28 14:30:00,418.5,419.25,416.5,419.0,51864
2026-07-28 14:45:00,417.5,419.0,416.5,418.5,51557
2026-07-28 15:00:00,416.5,418.0,415.75,417.75,34812
2026-07-28 15:15:00,416.0,416.75,415.75,416.5,33498
2026-07-28 15:30:00,416.75,416.75,415.75,416.0,21866
2026-07-28 15:45:00,417.5,418.0,416.5,416.5,26597
2026-07-28 16:00:00,417.25,417.75,416.5,417.5,20747
2026-07-28 16:15:00,416.25,417.5,416.25,417.25,38525
2026-07-28 16:30:00,416.25,417.5,416.0,416.5,61701
2026-07-28 16:45:00,415.0,417.0,413.25,416.25,115732
2026-07-28 17:00:00,414.0,416.5,413.75,415.25,204749
2026-07-28 17:15:00,416.5,417.25,414.0,414.25,66713
2026-07-28 17:30:00,416.5,417.5,415.5,416.5,63992
2026-07-28 17:45:00,416.5,417.0,415.5,416.5,80504
2026-07-29 09:45:00,414.75,414.75,414.75,414.75,0
2026-07-29 10:00:00,417.0,419.5,411.75,414.75,160448
2026-07-29 10:15:00,413.75,417.25,413.25,417.0,55454
2026-07-29 10:30:00,414.25,414.5,412.25,413.75,83033
2026-07-29 10:45:00,413.5,416.5,413.5,414.25,77693
2026-07-29 11:00:00,411.25,414.25,411.0,413.75,57100
2026-07-29 11:15:00,409.5,411.25,408.75,411.25,47331
2026-07-29 11:30:00,410.25,410.75,409.5,409.5,30871
2026-07-29 11:45:00,411.75,412.5,410.25,410.5,30277
2026-07-29 12:00:00,410.75,411.75,410.25,411.75,10471
2026-07-29 12:15:00,411.0,411.0,410.25,410.75,7721
2026-07-29 12:30:00,412.75,413.0,410.75,410.75,20412
2026-07-29 12:45:00,411.5,413.0,411.5,412.75,25725
2026-07-29 13:00:00,411.75,412.5,411.25,411.75,20794
2026-07-29 13:15:00,412.5,412.5,411.5,411.75,24230
2026-07-29 13:30:00,411.5,412.5,411.5,412.25,13521
2026-07-29 13:45:00,411.0,412.0,411.0,411.5,9942
2026-07-29 14:00:00,411.25,411.75,410.25,411.25,29421
2026-07-29 14:15:00,411.0,411.75,410.75,411.25,8107
2026-07-29 14:30:00,409.5,411.0,409.0,411.0,23792
2026-07-29 14:45:00,409.25,410.0,408.75,409.5,18871
2026-07-29 15:00:00,408.75,409.75,408.75,409.25,17132
2026-07-29 15:15:00,406.25,409.0,405.0,409.0,153525
2026-07-29 15:30:00,407.25,407.75,406.0,406.25,40435
2026-07-29 15:45:00,406.25,407.75,406.25,407.25,22809
2026-07-29 16:00:00,405.5,406.75,404.75,406.75,50364
2026-07-29 16:15:00,406.25,407.0,405.25,405.5,24864
2026-07-29 16:30:00,405.0,406.5,404.5,406.25,50179
2026-07-29 16:45:00,403.25,405.5,403.0,404.5,31188
2026-07-29 17:00:00,400.25,403.75,399.5,403.5,126146
2026-07-29 17:15:00,400.0,400.75,399.5,400.25,86163
2026-07-29 17:30:00,399.25,401.0,398.75,399.75,113299
2026-07-29 17:45:00,399.5,400.25,398.0,399.0,158521
2026-07-30 09:45:00,399.0,399.0,399.0,399.0,0
2026-07-30 10:00:00,400.25,400.25,394.5,398.75,153888
2026-07-30 10:15:00,399.25,401.75,399.25,400.5,86269
2026-07-30 10:30:00,397.0,399.75,395.25,399.5,76406
2026-07-30 10:45:00,397.0,399.25,396.75,396.75,27989
2026-07-30 11:00:00,397.0,399.0,394.0,397.0,90948
2026-07-30 11:15:00,399.0,399.5,396.5,396.75,45389
2026-07-30 11:30:00,400.0,400.75,399.0,399.0,60549
2026-07-30 11:45:00,402.0,402.0,400.0,400.0,33418
2026-07-30 12:00:00,402.0,402.25,401.25,401.75,26274
2026-07-30 12:15:00,401.25,402.5,401.0,401.75,37669
2026-07-30 12:30:00,402.25,402.25,401.25,401.5,17750
2026-07-30 12:45:00,401.75,402.5,401.5,402.25,15108
2026-07-30 13:00:00,401.25,402.25,401.0,401.5,11389
2026-07-30 13:15:00,402.25,403.5,401.25,401.25,35235
2026-07-30 13:30:00,403.5,404.0,402.25,402.25,36977
2026-07-30 13:45:00,404.25,405.5,403.0,403.25,52303
2026-07-30 14:00:00,403.25,404.75,402.75,404.25,51112
2026-07-30 14:15:00,404.25,404.75,403.0,403.25,21951
2026-07-30 14:30:00,404.0,404.75,403.75,404.0,20531
2026-07-30 14:45:00,403.0,404.5,402.5,404.25,23723
2026-07-30 15:00:00,402.0,403.25,401.75,403.0,27554
2026-07-30 15:15:00,403.0,403.75,402.0,402.0,32702
2026-07-30 15:30:00,402.75,404.0,402.5,403.0,55837
2026-07-30 15:45:00,401.25,403.0,400.5,402.5,63710
2026-07-30 16:00:00,401.75,402.5,401.0,401.0,34669
2026-07-30 16:15:00,400.5,402.25,400.25,401.5,27986
2026-07-30 16:30:00,401.25,401.75,400.25,400.75,18693
2026-07-30 16:45:00,401.0,402.75,401.0,401.0,38475
2026-07-30 17:00:00,402.5,403.0,399.5,401.0,44347
2026-07-30 17:15:00,402.25,403.25,401.5,402.5,31571
2026-07-30 17:30:00,402.0,402.5,401.75,402.0,21468
2026-07-30 17:45:00,402.0,402.5,401.25,402.0,73141
2026-07-31 09:45:00,405.0,405.0,405.0,405.0,0
2026-07-31 10:00:00,407.0,407.0,402.75,405.0,98690
2026-07-31 10:15:00,405.0,407.0,403.75,407.0,157695
2026-07-31 10:30:00,402.5,405.75,402.25,405.0,104390
2026-07-31 10:45:00,405.0,405.0,402.25,402.5,46103
2026-07-31 11:00:00,403.0,405.25,402.5,405.0,59869
2026-07-31 11:15:00,401.75,403.75,401.5,403.0,101361
2026-07-31 11:30:00,401.5,402.25,401.0,402.0,33492
2026-07-31 11:45:00,400.5,401.5,400.0,401.25,170267
2026-07-31 12:00:00,398.75,400.5,398.25,400.5,86053
2026-07-31 12:15:00,397.5,399.0,396.25,399.0,55339
2026-07-31 12:30:00,397.5,398.25,397.0,398.0,37314
2026-07-31 12:45:00,398.25,398.25,397.25,397.5,14430
2026-07-31 13:00:00,399.5,399.75,397.5,398.5,17036
2026-07-31 13:15:00,399.75,400.75,399.25,399.5,18302
2026-07-31 13:30:00,400.25,400.25,398.25,400.0,26972
2026-07-31 13:45:00,400.75,401.25,399.5,400.25,68076
2026-07-31 14:00:00,400.0,401.25,399.25,400.5,34365
2026-07-31 14:15:00,400.5,401.0,399.5,400.25,10598
2026-07-31 14:30:00,399.5,400.5,399.0,400.5,13146
2026-07-31 14:45:00,397.0,399.75,396.75,399.5,32864
2026-07-31 15:00:00,396.25,398.25,395.0,397.0,69951
2026-07-31 15:15:00,396.25,396.5,395.0,396.25,31402
2026-07-31 15:30:00,396.5,396.75,395.25,396.25,27554
2026-07-31 15:45:00,398.25,398.25,395.25,396.5,46886
2026-07-31 16:00:00,402.25,402.75,398.5,398.5,104575
2026-07-31 16:15:00,402.75,403.0,401.5,402.25,59298
2026-07-31 16:30:00,400.5,403.0,400.25,403.0,48383
2026-07-31 16:45:00,399.0,400.75,398.0,400.75,31777
2026-07-31 17:00:00,397.75,399.75,397.5,399.25,24924
2026-07-31 17:15:00,397.75,399.0,397.5,399.0,14866
2026-07-31 17:45:00,397.5,397.75,396.75,397.75,16041
2026-08-03 09:45:00,402.5,402.5,402.5,402.5,0
2026-08-03 10:00:00,397.75,407.0,392.5,402.5,593676
2026-08-03 10:15:00,398.5,398.75,393.5,397.75,292764
2026-08-03 10:30:00,398.75,401.75,398.0,398.25,273675
2026-08-03 10:45:00,400.75,402.25,398.0,398.75,236889
2026-08-03 11:00:00,403.25,404.5,400.75,400.75,141221
2026-08-03 11:15:00,403.5,404.0,401.75,403.25,63586
2026-08-03 11:30:00,403.0,406.0,402.75,403.75,114103
2026-08-03 11:45:00,403.0,403.25,401.5,402.75,62628
2026-08-03 12:00:00,404.25,405.25,402.25,403.0,72047
2026-08-03 12:15:00,408.0,408.5,403.25,404.5,158044
2026-08-03 12:30:00,405.75,408.25,405.25,408.0,72793
2026-08-03 12:45:00,405.25,405.75,404.0,405.5,25248
2026-08-03 13:00:00,406.25,406.75,405.0,405.25,45779
2026-08-03 13:15:00,408.5,409.25,406.25,406.25,76850
2026-08-03 13:30:00,408.0,408.75,408.0,408.25,32653
2026-08-03 13:45:00,408.5,409.0,407.5,408.0,26010
2026-08-03 14:00:00,407.0,409.5,407.0,408.75,26548
2026-08-03 14:15:00,403.0,407.0,402.5,407.0,64061
2026-08-03 14:30:00,404.5,404.75,403.0,403.0,24205
2026-08-03 14:45:00,404.5,405.75,404.25,404.25,25781
2026-08-03 15:00:00,404.25,405.5,404.0,404.5,47323
2026-08-03 15:15:00,403.25,405.0,403.25,404.25,43433
2026-08-03 15:30:00,402.5,404.0,402.0,403.25,45659
2026-08-03 15:45:00,403.25,403.25,402.0,402.75,25135
2026-08-03 16:00:00,403.25,404.25,403.25,403.25,20123
2026-08-03 16:15:00,401.75,403.25,401.5,403.25,56580
2026-08-03 16:30:00,402.5,403.0,401.5,401.75,31038
2026-08-03 16:45:00,403.25,403.5,402.25,402.75,26388
2026-08-03 17:00:00,403.0,404.25,402.25,403.75,38378
2026-08-03 17:15:00,404.25,404.75,402.75,403.25,61586
2026-08-03 17:30:00,402.75,405.25,402.75,404.0,77891
2026-08-03 17:45:00,403.75,404.0,402.75,402.75,91134
2026-08-04 09:45:00,404.25,404.25,404.25,404.25,0
2026-08-04 10:00:00,408.0,408.0,404.25,404.5,108358
2026-08-04 10:15:00,408.75,409.0,406.0,407.75,190937
2026-08-04 10:30:00,408.75,409.0,407.75,408.5,29465
2026-08-04 10:45:00,409.5,409.75,408.25,409.0,22789
2026-08-04 11:00:00,412.0,412.5,409.0,409.5,101474
2026-08-04 11:15:00,409.75,412.25,408.75,412.25,62773
2026-08-04 11:30:00,409.75,410.75,409.0,409.75,31897
2026-08-04 11:45:00,408.5,410.0,408.25,409.75,41461
2026-08-04 12:00:00,407.5,408.5,407.0,408.5,38439
2026-08-04 12:15:00,407.75,407.75,407.0,407.25,15690
2026-08-04 12:30:00,405.5,407.75,405.25,407.75,80900
2026-08-04 12:45:00,406.25,406.5,404.75,405.5,61462
2026-08-04 13:00:00,407.0,407.25,406.25,406.5,24261
2026-08-04 13:15:00,406.25,407.25,406.0,407.0,5569
2026-08-04 13:30:00,406.5,406.5,406.0,406.0,6853
2026-08-04 13:45:00,407.0,407.5,406.0,406.25,19744
2026-08-04 14:00:00,406.25,407.25,405.25,407.25,22987
2026-08-04 14:15:00,406.0,406.5,405.75,406.0,10021
2026-08-04 14:30:00,408.25,408.25,405.75,406.0,28057
2026-08-04 14:45:00,412.25,412.25,407.5,408.0,134163
2026-08-04 15:00:00,413.0,414.0,411.5,412.0,113805
2026-08-04 15:15:00,412.0,413.5,411.0,413.0,61005
2026-08-04 15:30:00,412.25,413.25,411.0,412.0,68420
2026-08-04 15:45:00,412.25,413.0,412.0,412.25,22234
2026-08-04 16:00:00,410.5,412.75,409.75,412.25,47105
2026-08-04 16:15:00,412.5,413.25,410.5,410.5,41783
2026-08-04 16:30:00,411.5,413.0,411.5,412.5,20840
2026-08-04 16:45:00,410.5,411.75,409.75,411.75,26431
2026-08-04 17:00:00,411.5,412.25,410.5,410.5,31049
2026-08-04 17:15:00,411.0,412.5,410.75,411.5,58160
2026-08-04 17:30:00,411.0,411.75,410.75,411.0,38240
2026-08-04 17:45:00,412.75,412.75,410.5,411.0,116139
2026-08-05 09:45:00,418.5,418.5,418.5,418.5,0
2026-08-05 10:00:00,420.25,425.5,415.25,418.5,411849
2026-08-05 10:15:00,420.0,420.5,416.75,420.25,133356
2026-08-05 10:30:00,419.5,421.25,417.25,419.5,126656
2026-08-05 10:45:00,419.25,420.0,418.5,419.75,45912
2026-08-05 11:00:00,418.0,419.75,417.5,419.5,61486
2026-08-05 11:15:00,419.0,419.5,417.5,418.0,51696
2026-08-05 11:30:00,417.5,419.25,417.5,419.0,48021
2026-08-05 11:45:00,417.0,418.0,416.25,417.75,66753
2026-08-05 12:00:00,416.0,418.0,415.75,416.75,71600
2026-08-05 12:15:00,413.5,415.75,413.5,415.75,90697
2026-08-05 12:30:00,413.5,414.0,412.25,413.5,66401
2026-08-05 12:45:00,412.5,414.5,412.0,413.5,43578
2026-08-05 13:00:00,410.0,412.5,409.75,412.5,57424
2026-08-05 13:15:00,410.5,412.0,409.75,410.0,53253
2026-08-05 13:30:00,409.0,410.75,408.75,410.75,90482
2026-08-05 13:45:00,409.0,410.5,409.0,409.5,39113
2026-08-05 14:00:00,409.0,409.5,408.0,409.25,63995
2026-08-05 14:15:00,412.25,413.75,409.0,409.0,235568
2026-08-05 14:30:00,414.25,414.75,411.0,412.5,89078
2026-08-05 14:45:00,413.75,415.25,413.0,414.25,33661
2026-08-05 15:00:00,417.75,420.25,413.5,413.75,248640
2026-08-05 15:15:00,419.5,421.75,416.75,418.0,159840
2026-08-05 15:30:00,420.5,421.25,419.0,420.75,127970
2026-08-05 15:45:00,420.25,421.5,419.5,420.25,52625
2026-08-05 16:00:00,420.75,422.5,419.5,420.25,132894
2026-08-05 16:15:00,423.5,423.5,420.5,420.75,90020
2026-08-05 16:30:00,424.0,424.5,422.0,423.5,64581
2026-08-05 16:45:00,424.75,425.0,423.0,424.25,35698
2026-08-05 17:00:00,429.25,429.5,423.75,424.5,232370
2026-08-05 17:15:00,428.0,429.25,427.25,429.25,69145
2026-08-05 17:30:00,430.25,431.0,427.25,428.0,183244
2026-08-05 17:45:00,430.5,431.25,429.25,430.5,138185
2026-08-06 09:45:00,433.25,433.25,433.25,433.25,0
2026-08-06 10:00:00,429.25,433.75,425.0,433.25,249596
2026-08-06 10:15:00,431.5,431.75,428.75,429.25,161597
2026-08-06 10:30:00,430.0,432.25,430.0,431.5,56865
2026-08-06 10:45:00,429.5,430.25,427.5,430.0,85460
2026-08-06 11:00:00,429.0,430.5,428.25,429.5,49372
2026-08-06 11:15:00,432.25,432.75,428.5,429.0,97547
2026-08-06 11:30:00,435.5,436.5,431.5,432.25,126694
2026-08-06 11:45:00,435.0,436.0,435.0,435.5,53481
2026-08-06 12:00:00,433.0,435.5,432.25,435.0,47545
2026-08-06 12:15:00,433.5,434.25,432.5,433.0,28306
2026-08-06 12:30:00,433.5,434.75,433.0,433.5,36942
2026-08-06 12:45:00,433.75,433.75,432.5,433.5,26834
2026-08-06 13:00:00,433.75,434.25,433.0,433.75,15322
2026-08-06 13:15:00,434.25,435.25,432.5,433.5,44354
2026-08-06 13:30:00,435.5,436.0,434.0,434.25,60171
2026-08-06 13:45:00,436.25,437.75,433.75,435.5,92223
2026-08-06 14:00:00,435.0,436.5,434.25,436.0,37459
2026-08-06 14:15:00,435.5,436.5,434.5,435.0,35566
2026-08-06 14:30:00,437.75,438.25,434.5,435.5,61085
2026-08-06 14:45:00,436.25,437.75,435.5,437.75,35843
2026-08-06 15:00:00,435.0,436.25,435.0,436.0,16162
2026-08-06 15:15:00,433.5,435.25,433.5,435.0,41565
2026-08-06 15:30:00,432.5,434.0,432.25,433.5,32897
2026-08-06 15:45:00,432.25,438.0,431.5,432.5,211567
2026-08-06 16:00:00,433.25,433.75,431.5,432.25,34939
2026-08-06 16:15:00,435.25,435.5,433.0,433.25,38556
2026-08-06 16:30:00,434.75,436.0,434.0,435.25,17966
2026-08-06 16:45:00,434.0,435.0,433.75,434.75,20248
2026-08-06 17:00:00,433.25,434.5,433.25,433.75,33733
2026-08-06 17:15:00,433.5,434.0,433.25,433.25,15736
2026-08-06 17:30:00,434.25,435.5,433.5,433.5,39128
2026-08-06 17:45:00,433.0,434.5,432.0,434.25,98685
2026-08-07 09:45:00,436.75,436.75,436.75,436.75,0
2026-08-07 10:00:00,449.5,449.75,437.0,437.0,375260
2026-08-07 10:15:00,448.0,451.0,446.75,449.5,255293
2026-08-07 10:30:00,444.25,448.25,444.0,447.75,88744
2026-08-07 10:45:00,444.5,447.5,444.0,444.25,59747
2026-08-07 11:00:00,444.75,446.0,442.5,444.25,132893
2026-08-07 11:15:00,446.0,447.25,444.0,444.75,75988
2026-08-07 11:30:00,448.25,449.25,443.5,446.25,131806
2026-08-07 11:45:00,450.5,452.75,448.0,448.0,188139
2026-08-07 12:00:00,451.5,452.0,450.0,450.5,117834
2026-08-07 12:15:00,453.25,453.75,451.0,451.75,129689
2026-08-07 12:30:00,453.75,454.0,452.25,453.25,59878
2026-08-07 12:45:00,452.25,453.75,451.5,453.5,25492
2026-08-07 13:00:00,452.0,453.25,451.75,452.25,17673
2026-08-07 13:15:00,452.5,454.0,451.5,452.0,75737
2026-08-07 13:30:00,452.0,452.5,451.5,452.25,30406
2026-08-07 13:45:00,452.25,453.0,451.5,451.75,22491
2026-08-07 14:00:00,451.75,453.0,450.75,452.5,76197
2026-08-07 14:15:00,450.25,452.0,448.75,451.5,144967
2026-08-07 14:30:00,449.0,450.25,448.0,450.0,51111
2026-08-07 14:45:00,450.5,451.0,448.75,448.75,16873
2026-08-07 15:00:00,449.75,450.75,448.75,450.5,39223
2026-08-07 15:15:00,449.25,450.5,449.0,449.75,30167
2026-08-07 15:30:00,456.0,456.75,449.25,449.25,271972
2026-08-07 15:45:00,453.75,456.75,453.0,456.0,72998
2026-08-07 16:00:00,451.75,454.0,451.0,453.5,56751
2026-08-07 16:15:00,451.25,452.25,449.75,451.75,90257
2026-08-07 16:30:00,452.25,452.5,449.5,451.0,36793
2026-08-07 16:45:00,449.75,452.75,449.5,452.25,36084
2026-08-07 17:00:00,445.25,451.0,445.25,449.5,58351
2026-08-07 17:15:00,448.25,448.25,445.25,445.25,50943
2026-08-07 17:30:00,446.25,448.25,446.0,448.25,53420
2026-08-07 17:45:00,447.5,449.0,445.75,446.25,125236
2026-08-10 09:45:00,450.0,450.0,450.0,450.0,0
2026-08-10 10:00:00,445.25,451.25,445.0,449.5,252342
2026-08-10 10:15:00,446.5,448.25,443.25,445.5,139489
2026-08-10 10:30:00,445.25,447.5,444.25,446.25,53883
2026-08-10 10:45:00,447.5,448.25,445.0,445.25,57793
2026-08-10 11:00:00,446.75,447.5,446.25,447.25,54092
2026-08-10 11:15:00,447.25,449.25,446.5,446.75,67655
2026-08-10 11:30:00,446.5,448.0,445.5,447.25,52804
2026-08-10 11:45:00,443.25,446.5,442.75,446.5,55650
2026-08-10 12:00:00,441.5,444.0,440.5,443.25,98664
2026-08-10 12:15:00,437.0,441.75,435.25,441.5,109898
2026-08-10 12:30:00,437.5,439.25,437.0,437.25,107526
2026-08-10 12:45:00,437.25,438.75,436.0,438.0,91278
2026-08-10 13:00:00,437.0,438.0,434.25,436.75,127203
2026-08-10 13:15:00,437.75,438.5,436.0,437.0,87825
2026-08-10 13:30:00,437.75,438.25,437.5,437.75,41241
2026-08-10 13:45:00,440.0,440.75,437.75,438.0,66594
2026-08-10 14:00:00,447.5,451.0,439.0,440.25,505982
2026-08-10 14:15:00,447.75,451.0,446.0,447.25,373445
2026-08-10 14:30:00,444.5,448.0,443.75,447.5,52698
2026-08-10 14:45:00,443.5,445.25,442.75,444.5,30957
2026-08-10 15:00:00,444.0,444.0,443.0,443.5,24483
2026-08-10 15:15:00,444.5,446.25,443.5,443.75,46492
2026-08-10 15:30:00,443.75,445.0,443.5,444.5,26635
2026-08-10 15:45:00,443.5,445.5,443.0,444.0,57245
2026-08-10 16:00:00,442.25,443.75,442.0,443.5,34025
2026-08-10 16:15:00,443.5,444.25,442.25,442.25,23689
2026-08-10 16:30:00,442.25,443.75,441.25,443.5,64773
2026-08-10 16:45:00,438.75,442.5,438.75,442.25,55420
2026-08-10 17:00:00,440.25,441.0,437.75,438.75,125664
2026-08-10 17:15:00,440.5,441.25,439.5,440.25,47791
2026-08-10 17:30:00,441.75,443.25,440.0,440.75,98755
2026-08-10 17:45:00,442.5,443.5,441.0,441.75,104856
2026-08-11 09:45:00,441.5,441.5,441.5,441.5,0
2026-08-11 10:00:00,430.75,441.25,428.0,441.25,395011
2026-08-11 10:15:00,424.0,431.25,423.5,430.75,163361
2026-08-11 10:30:00,424.25,427.25,423.5,424.0,106150
2026-08-11 10:45:00,423.75,424.75,423.0,424.25,46690
2026-08-11 11:00:00,422.5,424.75,420.75,423.5,140072
2026-08-11 11:15:00,423.5,424.5,421.75,422.5,40466
2026-08-11 11:30:00,426.25,426.5,422.75,423.5,60328
2026-08-11 11:45:00,425.5,428.0,425.25,426.25,44835
2026-08-11 12:00:00,422.0,425.5,421.5,425.5,39583
2026-08-11 12:15:00,422.0,422.5,421.25,422.0,27008
2026-08-11 12:30:00,423.25,424.25,422.0,422.0,28026
2026-08-11 12:45:00,424.0,424.25,423.25,423.25,18284
2026-08-11 13:00:00,423.5,424.0,422.5,423.75,17826
2026-08-11 13:15:00,424.5,425.0,423.25,423.5,17361
2026-08-11 13:30:00,424.0,425.0,423.75,424.5,14138
2026-08-11 13:45:00,424.0,425.0,423.5,424.0,24717
2026-08-11 14:00:00,427.5,428.5,423.5,424.0,97483
2026-08-11 14:15:00,426.25,428.5,425.5,427.5,97844
2026-08-11 14:30:00,426.0,427.25,425.75,426.25,22538
2026-08-11 14:45:00,426.0,426.0,423.75,426.0,53577
2026-08-11 15:00:00,425.0,426.0,424.25,426.0,29884
2026-08-11 15:15:00,425.25,426.5,424.75,425.25,28653
2026-08-11 15:30:00,427.0,427.0,424.5,425.25,27209
2026-08-11 15:45:00,424.5,427.5,424.25,427.0,47597
2026-08-11 16:00:00,425.0,426.5,424.25,424.5,55807
2026-08-11 16:15:00,425.5,427.25,424.0,425.0,48823
2026-08-11 16:30:00,425.75,426.25,424.0,425.75,61426
2026-08-11 16:45:00,423.25,426.0,423.25,426.0,33205
2026-08-11 17:00:00,423.0,424.25,422.0,423.25,63659
2026-08-11 17:15:00,424.5,424.75,421.5,423.0,130785
2026-08-11 17:30:00,423.25,425.5,423.0,424.75,72746
2026-08-11 17:45:00,422.25,424.75,422.0,423.5,129844
2026-08-12 09:45:00,427.25,427.25,427.25,427.25,0
2026-08-12 10:00:00,426.75,429.5,423.0,427.25,454737
2026-08-12 10:15:00,433.0,435.5,424.0,426.75,652711
2026-08-12 10:30:00,432.5,433.25,428.5,432.75,203001
2026-08-12 10:45:00,425.5,432.5,423.75,432.5,256651
2026-08-12 11:00:00,423.0,426.0,421.5,425.75,135537
2026-08-12 11:15:00,420.25,423.25,418.0,423.0,212853
2026-08-12 11:30:00,420.25,422.5,419.5,420.25,146267
2026-08-12 11:45:00,421.25,422.75,420.0,420.25,87490
2026-08-12 12:00:00,419.5,422.0,419.0,421.25,147320
2026-08-12 12:15:00,420.5,421.0,419.0,419.5,119044
2026-08-12 12:30:00,419.75,420.75,418.0,420.75,84548
2026-08-12 12:45:00,418.5,421.0,418.5,419.75,46926
2026-08-12 13:00:00,420.25,420.75,418.75,418.75,35950
2026-08-12 13:15:00,420.75,421.25,420.0,420.0,57464
2026-08-12 13:30:00,420.5,421.75,420.25,420.75,67142
2026-08-12 13:45:00,419.25,421.0,418.0,420.75,79155
2026-08-12 14:00:00,420.75,421.5,418.75,419.25,62257
2026-08-12 14:15:00,421.0,421.75,419.25,420.75,86690
2026-08-12 14:30:00,421.0,423.25,420.5,421.25,153175
2026-08-12 14:45:00,421.5,422.25,420.75,421.0,97470
2026-08-12 15:00:00,425.0,425.5,420.75,421.5,176588
2026-08-12 15:15:00,426.25,426.75,424.75,424.75,128713
2026-08-12 15:30:00,424.75,426.5,423.0,426.25,109474
2026-08-12 15:45:00,424.25,424.5,423.0,424.5,46320
2026-08-12 16:00:00,425.75,426.5,424.5,424.5,56633
2026-08-12 16:15:00,425.0,425.75,424.75,425.5,27435
2026-08-12 16:30:00,424.75,425.75,424.5,425.0,63819
2026-08-12 16:45:00,425.75,425.75,424.25,424.5,41757
2026-08-12 17:00:00,426.75,427.0,425.25,425.25,99499
2026-08-12 17:15:00,427.25,428.0,425.5,426.75,109469
2026-08-12 17:30:00,429.0,429.75,426.25,427.25,169799
2026-08-12 17:45:00,428.25,430.25,427.75,429.25,176629
2026-08-13 09:45:00,426.0,426.0,426.0,426.0,0
2026-08-13 10:00:00,426.0,428.0,424.5,426.0,153055
2026-08-13 10:15:00,427.25,428.0,425.0,426.0,49472
2026-08-13 10:30:00,428.0,428.25,425.75,427.0,81007
2026-08-13 10:45:00,422.25,428.5,422.0,428.0,136421
2026-08-13 11:00:00,422.5,422.75,420.0,422.25,109397
2026-08-13 11:15:00,422.0,423.25,421.5,422.5,25982
2026-08-13 11:30:00,420.75,424.0,420.5,422.0,90121
2026-08-13 11:45:00,421.0,422.25,420.25,420.75,56290
2026-08-13 12:00:00,420.5,421.25,419.75,421.0,57803
2026-08-13 12:15:00,421.5,421.5,419.25,420.5,47846
2026-08-13 12:30:00,421.25,422.5,420.75,421.5,28976
2026-08-13 12:45:00,422.0,422.25,420.5,421.25,19231
2026-08-13 13:00:00,420.0,422.0,419.5,422.0,39309
2026-08-13 13:15:00,421.0,421.25,419.5,419.75,19967
2026-08-13 13:30:00,421.0,421.75,420.5,421.0,15922
2026-08-13 13:45:00,423.25,423.75,420.75,421.0,73130
2026-08-13 14:00:00,424.0,424.5,422.5,423.25,62056
2026-08-13 14:15:00,424.0,425.5,423.5,423.75,103397
2026-08-13 14:30:00,424.75,425.75,424.0,424.25,47591
2026-08-13 14:45:00,424.0,425.5,423.5,425.0,41966
2026-08-13 15:00:00,423.75,424.25,423.0,424.0,37752
2026-08-13 15:15:00,422.75,423.75,421.75,423.75,23354
2026-08-13 15:30:00,423.25,423.25,422.25,422.75,28095
2026-08-13 15:45:00,425.5,425.5,422.75,423.25,62994
2026-08-13 16:00:00,424.5,425.75,424.0,425.5,49205
2026-08-13 16:15:00,422.25,424.5,422.0,424.25,23716
2026-08-13 16:30:00,422.25,422.75,421.75,422.25,27087
2026-08-13 16:45:00,420.75,422.25,420.5,422.0,44251
2026-08-13 17:00:00,420.25,421.75,420.0,420.75,69517
2026-08-13 17:15:00,419.5,420.75,417.25,420.25,143585
2026-08-13 17:30:00,417.5,419.5,417.5,419.5,105170
2026-08-13 17:45:00,417.5,419.0,415.75,417.75,164394
2026-08-14 09:45:00,412.5,412.5,412.5,412.5,0
2026-08-14 10:00:00,417.5,420.0,412.5,412.5,178317
2026-08-14 10:15:00,418.0,420.0,417.25,417.75,66860
2026-08-14 10:30:00,417.25,418.75,415.75,418.0,59629
2026-08-14 10:45:00,417.25,418.0,416.5,417.25,30482
2026-08-14 11:00:00,417.0,417.5,415.25,417.0,36012
2026-08-14 11:15:00,417.0,418.0,416.25,416.75,33007
2026-08-14 11:30:00,418.0,419.25,417.0,417.25,57338
2026-08-14 11:45:00,418.0,420.5,417.5,418.25,102118
2026-08-14 12:00:00,416.5,418.0,416.0,418.0,51796
2026-08-14 12:15:00,414.25,416.5,413.75,416.5,78260
2026-08-14 12:30:00,413.0,414.25,412.75,414.25,52822
2026-08-14 12:45:00,413.25,413.25,412.0,412.75,64141
2026-08-14 13:00:00,412.75,413.25,412.5,413.25,33031
2026-08-14 13:15:00,411.0,413.5,411.0,413.0,56022
2026-08-14 13:30:00,411.25,411.75,409.75,411.0,105298
2026-08-14 13:45:00,412.75,415.25,409.25,411.25,338135
2026-08-14 14:00:00,412.0,413.0,410.25,412.75,89253
2026-08-14 14:15:00,411.5,413.75,411.0,412.0,124350
2026-08-14 14:30:00,411.75,414.25,409.5,411.75,321958
2026-08-14 14:45:00,411.75,413.25,410.5,411.75,62086
2026-08-14 15:00:00,412.25,413.0,411.25,411.25,41368
2026-08-14 15:15:00,411.0,412.5,411.0,412.25,19141
2026-08-14 15:30:00,412.75,413.5,410.75,411.0,42790
2026-08-14 15:45:00,413.25,413.75,412.0,412.25,41471
2026-08-14 16:00:00,415.0,415.0,412.75,413.0,86260
2026-08-14 16:15:00,414.0,415.25,413.25,414.75,69611
2026-08-14 16:30:00,416.25,416.5,413.5,414.0,75244
2026-08-14 16:45:00,416.5,417.0,414.75,416.25,46832
2026-08-14 17:00:00,419.25,420.0,416.5,416.5,136777
2026-08-14 17:15:00,421.75,422.0,419.25,419.25,150847
2026-08-14 17:30:00,419.75,422.25,419.25,421.75,104514
2026-08-14 17:45:00,419.75,420.25,419.0,419.75,71900
2026-08-17 09:45:00,422.75,422.75,422.75,422.75,0
2026-08-17 10:00:00,427.5,430.5,419.75,422.5,444642
2026-08-17 10:15:00,430.0,430.25,423.75,427.5,343840
2026-08-17 10:30:00,436.5,437.5,429.5,430.25,337877
2026-08-17 10:45:00,435.25,439.0,434.5,436.5,209694
2026-08-17 11:00:00,436.75,437.25,434.25,435.0,182532
2026-08-17 11:15:00,436.5,437.5,435.75,436.75,69832
2026-08-17 11:30:00,435.5,437.5,434.75,436.75,90976
2026-08-17 11:45:00,439.25,439.75,434.25,435.25,193189
2026-08-17 12:00:00,442.0,442.0,438.25,439.0,251603
2026-08-17 12:15:00,441.0,443.0,439.25,442.0,117264
2026-08-17 12:30:00,439.25,441.25,438.5,441.0,41124
2026-08-17 12:45:00,439.0,439.75,437.75,439.25,65569
2026-08-17 13:00:00,439.0,439.0,437.5,439.0,62691
2026-08-17 13:15:00,439.0,439.75,437.5,439.0,27996
2026-08-17 13:30:00,438.5,439.75,438.0,439.25,30221
2026-08-17 13:45:00,439.0,439.5,437.75,438.25,37071
2026-08-17 14:00:00,435.25,439.0,435.25,438.75,54939
2026-08-17 14:15:00,436.5,437.5,434.75,435.5,85040
2026-08-17 14:30:00,437.0,438.5,436.25,436.5,37112
2026-08-17 14:45:00,437.75,438.0,435.75,436.75,38940
2026-08-17 15:00:00,439.25,439.5,437.75,438.0,40003
2026-08-17 15:15:00,439.75,440.5,438.5,439.0,49269
2026-08-17 15:30:00,439.0,440.25,438.75,439.5,101726
2026-08-17 15:45:00,439.5,439.5,438.75,439.0,29529
2026-08-17 16:00:00,440.25,440.5,439.0,439.5,44353
2026-08-17 16:15:00,439.75,440.5,438.25,440.0,51213
2026-08-17 16:30:00,441.5,441.75,439.25,439.75,57673
2026-08-17 16:45:00,444.75,444.75,441.0,441.5,84060
2026-08-17 17:00:00,443.5,445.5,443.25,444.75,72697
2026-08-17 17:15:00,447.25,447.75,443.25,443.5,110321
2026-08-17 17:30:00,444.75,447.25,444.25,447.25,74686
2026-08-17 17:45:00,446.75,447.0,444.0,444.75,128174
2026-08-18 09:45:00,445.5,445.5,445.5,445.5,0
2026-08-18 10:00:00,440.0,445.25,439.75,445.25,217425
2026-08-18 10:15:00,440.0,441.75,439.25,440.25,75689
2026-08-18 10:30:00,434.25,440.0,433.25,440.0,171580
2026-08-18 10:45:00,436.0,436.75,434.25,434.25,110694
2026-08-18 11:00:00,435.25,436.0,432.5,436.0,85759
2026-08-18 11:15:00,433.75,435.75,432.0,435.25,56378
2026-08-18 11:30:00,432.0,435.0,430.25,433.5,90219
2026-08-18 11:45:00,428.75,432.0,428.25,431.75,186261
2026-08-18 12:00:00,425.75,428.75,424.5,428.5,150825
2026-08-18 12:15:00,425.25,427.25,424.75,425.5,82520
2026-08-18 12:30:00,425.0,426.0,424.75,425.25,48446
2026-08-18 12:45:00,426.5,427.0,424.75,425.0,59716
2026-08-18 13:00:00,425.75,428.25,425.0,426.5,69594
2026-08-18 13:15:00,426.75,427.0,425.5,425.75,25215
2026-08-18 13:30:00,425.5,427.0,425.0,426.75,41566
2026-08-18 13:45:00,426.0,426.5,424.5,425.5,76921
2026-08-18 14:00:00,426.5,426.75,425.5,425.75,21345
2026-08-18 14:15:00,427.25,427.25,425.25,426.5,51937
2026-08-18 14:30:00,428.0,429.5,427.25,427.25,143250
2026-08-18 14:45:00,428.5,428.75,426.5,427.5,33138
2026-08-18 15:00:00,426.5,428.5,425.5,428.5,61545
2026-08-18 15:15:00,425.75,426.75,424.75,426.25,79320
2026-08-18 15:30:00,425.0,426.0,423.75,425.5,66242
2026-08-18 15:45:00,423.25,425.5,423.25,425.0,78726
2026-08-18 16:00:00,422.25,423.25,421.75,423.25,38604
2026-08-18 16:15:00,423.75,423.75,421.5,422.25,74309
2026-08-18 16:30:00,424.75,425.25,423.5,423.5,80498
2026-08-18 16:45:00,425.75,425.75,424.25,424.5,50641
2026-08-18 17:00:00,425.5,427.0,425.0,425.25,74998
2026-08-18 17:15:00,426.5,426.75,425.0,425.5,66560
2026-08-18 17:30:00,428.25,429.75,426.25,426.5,155933
2026-08-18 17:45:00,428.0,430.75,428.0,428.25,159560
2026-08-19 09:45:00,426.0,426.0,426.0,426.0,0
2026-08-19 10:00:00,436.5,437.0,423.0,426.0,524366
2026-08-19 10:15:00,437.0,437.25,431.5,436.0,167189
2026-08-19 10:30:00,441.5,442.25,435.75,436.75,281432
2026-08-19 10:45:00,444.5,447.0,441.0,441.5,172531
